0.0,23510.0,43462.0,32382.0,41354.0,29818.0,23083.0,55827.0,27683.0,16375.0,36664.0,33796.0,32696.0,3461.0,71061.0,7419.0,1404.0,16336.0,13064.0,14194.0,18199.0,16451.0,19780.0,13544.0,22595.0,2019.0,22966.0,15256.0,15628.0,11384.0,7206.0,21943.0,10175.0,16308.0,11989.0,6035.0,20155.0,0.0,7326.0,10794.0,6820.0,8110.0,1381.0,5996.0,8516.0,5231.0,16375.0,5255.0,5574.0,2256.0,3127.0,3267.0,0.0,0.0,3008.0,6472.0,3185.0,6799.0,8558.0,3375.0,1464.0,1866.0,4058.0,3220.0,947.0,1356.0,2714.0,74.0,1385.0,0.0,0.0,1847.0,3801.0,1275.0,1371.0,1144.0,1906.0,1018.0,0.0,932.0,1139.0,0.0,0.0,1103.0,899.0,367.0,772.0,1096.0,757.0,833.0,529.0,299.0,100.0,377.0,1315.0,335.0,820.0,766.0,1062.0,1012.0
23510.0,0.0,11290.0,24132.0,31446.0,28205.0,9848.0,9619.0,32056.0,3402.0,9215.0,18362.0,44190.0,27251.0,28655.0,0.0,6660.0,29617.0,19485.0,34781.0,37947.0,5745.0,12453.0,24527.0,10186.0,20.0,5298.0,9648.0,10629.0,14628.0,10146.0,2935.0,16512.0,4329.0,7050.0,12396.0,2359.0,1817.0,12261.0,10013.0,5350.0,6668.0,0.0,13577.0,13748.0,14645.0,10992.0,12999.0,9848.0,0.0,13107.0,16671.0,328.0,3990.0,4608.0,2445.0,13626.0,1049.0,1225.0,5117.0,651.0,6966.0,1224.0,3336.0,15129.0,7079.0,1150.0,413.0,4329.0,124.0,0.0,4150.0,1208.0,8910.0,4688.0,2934.0,1974.0,96.0,0.0,4048.0,5263.0,0.0,0.0,2839.0,1433.0,0.0,1528.0,2006.0,383.0,2081.0,3881.0,4856.0,10055.0,5556.0,598.0,709.0,923.0,1124.0,2097.0,583.0
43462.0,11290.0,0.0,31984.0,25377.0,20426.0,18559.0,31041.0,12827.0,9450.0,31576.0,23375.0,17471.0,1926.0,22511.0,10466.0,19012.0,23557.0,4466.0,18059.0,10309.0,6408.0,12582.0,12293.0,12310.0,2221.0,18574.0,12932.0,5513.0,7600.0,5745.0,18052.0,12530.0,11451.0,9750.0,6672.0,22553.0,8797.0,10601.0,9185.0,9631.0,8646.0,973.0,8765.0,9928.0,6825.0,6171.0,7103.0,7882.0,3519.0,7881.0,2068.0,9477.0,3523.0,5959.0,5051.0,3164.0,3156.0,11788.0,3314.0,1204.0,1706.0,3943.0,3940.0,1031.0,2663.0,5007.0,24.0,3012.0,11062.0,0.0,2478.0,3602.0,1364.0,1858.0,3521.0,2638.0,699.0,0.0,890.0,827.0,993.0,0.0,2215.0,1251.0,226.0,1414.0,1688.0,709.0,852.0,547.0,225.0,144.0,642.0,1164.0,454.0,677.0,2262.0,2838.0,3313.0
32382.0,24132.0,31984.0,0.0,24390.0,21881.0,40886.0,23133.0,15369.0,15595.0,20738.0,23530.0,10918.0,19186.0,7369.0,15289.0,20747.0,20950.0,10193.0,12593.0,13419.0,10212.0,17147.0,11517.0,17195.0,6737.0,11966.0,18276.0,11129.0,11293.0,7189.0,9438.0,12759.0,7725.0,12414.0,8168.0,6911.0,14379.0,11892.0,12334.0,9740.0,11788.0,1320.0,7580.0,5761.0,5305.0,10077.0,4562.0,6686.0,4405.0,6230.0,2679.0,3969.0,5043.0,5926.0,4230.0,1651.0,5954.0,3893.0,3704.0,2344.0,1770.0,3336.0,5754.0,915.0,2887.0,2898.0,3789.0,2090.0,625.0,0.0,1940.0,2165.0,1654.0,2314.0,2588.0,4332.0,1321.0,0.0,938.0,787.0,0.0,0.0,2969.0,1727.0,369.0,1079.0,1424.0,2035.0,464.0,695.0,249.0,132.0,626.0,2427.0,325.0,619.0,1257.0,58.0,1780.0
41354.0,31446.0,25377.0,24390.0,0.0,21323.0,31362.0,26499.0,23698.0,21246.0,14196.0,27247.0,17169.0,52752.0,7700.0,21333.0,12377.0,14396.0,15744.0,8713.0,13595.0,23096.0,18333.0,8883.0,7730.0,22390.0,5501.0,9843.0,10027.0,5765.0,8973.0,3380.0,0.0,2810.0,42.0,6725.0,473.0,7123.0,4404.0,4839.0,4802.0,97.0,6474.0,2290.0,6210.0,4784.0,3390.0,5328.0,5010.0,7735.0,123.0,3493.0,240.0,887.0,2686.0,1288.0,1850.0,2816.0,1067.0,2583.0,2903.0,3083.0,1016.0,1788.0,1423.0,879.0,783.0,5197.0,1916.0,74.0,0.0,1958.0,1341.0,1366.0,1383.0,1763.0,1360.0,1988.0,0.0,1488.0,1543.0,0.0,0.0,274.0,1557.0,3254.0,1411.0,1142.0,1896.0,1301.0,718.0,1199.0,25.0,184.0,1328.0,1091.0,1270.0,1001.0,743.0,822.0
29818.0,28205.0,20426.0,21881.0,21323.0,0.0,12239.0,12918.0,25344.0,28577.0,8650.0,21171.0,22012.0,38328.0,10632.0,17175.0,6929.0,11223.0,18914.0,15666.0,19205.0,21937.0,12408.0,18653.0,9374.0,5703.0,3941.0,9015.0,10421.0,5180.0,4446.0,3800.0,11812.0,3633.0,11377.0,9554.0,2691.0,4743.0,7735.0,7401.0,6272.0,11115.0,7130.0,6429.0,8211.0,6509.0,6336.0,6682.0,3889.0,5915.0,5123.0,5183.0,315.0,1140.0,2245.0,1554.0,2673.0,1520.0,1173.0,3564.0,2130.0,6097.0,732.0,2538.0,2277.0,2616.0,653.0,643.0,2644.0,130.0,0.0,2990.0,1333.0,1865.0,272.0,1344.0,1793.0,1172.0,0.0,1919.0,1943.0,0.0,0.0,1341.0,418.0,2702.0,463.0,1963.0,1126.0,2378.0,1144.0,2875.0,169.0,712.0,1022.0,659.0,1961.0,1346.0,614.0,458.0
23083.0,9848.0,18559.0,40886.0,31362.0,12239.0,0.0,17747.0,10682.0,5622.0,31601.0,15557.0,13837.0,1726.0,14309.0,6519.0,15606.0,35516.0,6898.0,13006.0,10325.0,4997.0,6125.0,7368.0,15692.0,2662.0,19971.0,8382.0,3884.0,6285.0,5542.0,12462.0,14207.0,12748.0,9739.0,4586.0,12685.0,13708.0,8617.0,9654.0,5624.0,5572.0,1130.0,6647.0,7804.0,4496.0,2951.0,4822.0,5554.0,1963.0,10172.0,2490.0,9760.0,6826.0,8222.0,7147.0,2372.0,108.0,4702.0,1799.0,1130.0,1443.0,4233.0,2948.0,1078.0,3073.0,4978.0,1139.0,1794.0,1641.0,0.0,1442.0,2951.0,1163.0,1019.0,5202.0,2361.0,616.0,0.0,879.0,792.0,0.0,0.0,2485.0,801.0,267.0,655.0,1113.0,705.0,572.0,721.0,237.0,220.0,680.0,589.0,297.0,443.0,1625.0,2865.0,1910.0
55827.0,9619.0,31041.0,23133.0,26499.0,12918.0,17747.0,0.0,26455.0,8822.0,29741.0,13008.0,33126.0,1422.0,40850.0,4263.0,28719.0,10141.0,7127.0,6795.0,11339.0,10791.0,8855.0,5597.0,8999.0,1426.0,16006.0,12122.0,5715.0,4974.0,5135.0,0.0,3119.0,166.0,5100.0,6310.0,0.0,12969.0,3522.0,3005.0,1982.0,788.0,864.0,2686.0,3499.0,3306.0,13795.0,1910.0,3701.0,1460.0,1404.0,1778.0,10382.0,1746.0,1481.0,1668.0,859.0,2113.0,1254.0,990.0,1141.0,1274.0,1728.0,966.0,555.0,860.0,1100.0,8822.0,879.0,3801.0,0.0,744.0,548.0,871.0,949.0,871.0,515.0,582.0,0.0,886.0,728.0,0.0,0.0,1265.0,659.0,449.0,466.0,491.0,332.0,509.0,460.0,196.0,12.0,190.0,1070.0,158.0,317.0,416.0,333.0,266.0
27683.0,32056.0,12827.0,15369.0,23698.0,25344.0,10682.0,26455.0,0.0,23503.0,9547.0,13564.0,11491.0,20416.0,5413.0,20010.0,9964.0,10074.0,26934.0,9169.0,18250.0,13113.0,5761.0,15725.0,7691.0,24823.0,3658.0,7530.0,6827.0,10231.0,9982.0,2710.0,3747.0,1718.0,2247.0,11588.0,472.0,1095.0,3750.0,3099.0,2262.0,4160.0,18939.0,3870.0,5800.0,7766.0,4318.0,3443.0,3502.0,6573.0,2253.0,0.0,1456.0,415.0,852.0,1251.0,4354.0,1418.0,997.0,1116.0,4139.0,5507.0,516.0,696.0,0.0,764.0,439.0,1242.0,1040.0,2772.0,0.0,1401.0,704.0,1.0,746.0,557.0,462.0,3041.0,0.0,2542.0,1133.0,0.0,0.0,776.0,806.0,3203.0,663.0,476.0,592.0,621.0,0.0,0.0,4.0,0.0,980.0,1928.0,441.0,288.0,303.0,259.0
16375.0,3402.0,9450.0,15595.0,21246.0,28577.0,5622.0,8822.0,23503.0,0.0,5518.0,10363.0,37677.0,31767.0,26462.0,5065.0,4393.0,9173.0,11289.0,21986.0,21097.0,0.0,7076.0,22246.0,5773.0,0.0,2255.0,5451.0,8217.0,9593.0,3897.0,813.0,9804.0,1690.0,4230.0,6393.0,628.0,1152.0,5949.0,6638.0,2413.0,3750.0,0.0,7068.0,9395.0,7307.0,4715.0,6496.0,6060.0,4480.0,4334.0,11151.0,173.0,539.0,1456.0,847.0,7380.0,606.0,713.0,1926.0,1408.0,5529.0,529.0,1008.0,7296.0,2198.0,620.0,421.0,2282.0,155.0,0.0,1761.0,599.0,5190.0,917.0,808.0,856.0,312.0,0.0,1429.0,2848.0,0.0,0.0,644.0,1322.0,0.0,2433.0,558.0,432.0,1498.0,843.0,3662.0,5890.0,999.0,288.0,1340.0,533.0,468.0,268.0,136.0
36664.0,9215.0,31576.0,20738.0,14196.0,8650.0,31601.0,29741.0,9547.0,5518.0,0.0,10794.0,7663.0,551.0,15389.0,5195.0,24751.0,7695.0,4828.0,4535.0,4343.0,3163.0,6993.0,4016.0,10777.0,1106.0,7497.0,6575.0,4648.0,4221.0,2354.0,20581.0,2031.0,12221.0,3504.0,3745.0,12194.0,18251.0,3921.0,4209.0,3884.0,815.0,682.0,2647.0,1400.0,2195.0,6411.0,1375.0,1826.0,1532.0,2343.0,913.0,6532.0,5579.0,1980.0,2875.0,520.0,5155.0,3460.0,891.0,1849.0,964.0,8620.0,1686.0,399.0,660.0,12299.0,11356.0,765.0,3011.0,0.0,1221.0,953.0,501.0,515.0,646.0,638.0,486.0,0.0,449.0,473.0,0.0,0.0,721.0,406.0,269.0,435.0,518.0,473.0,332.0,275.0,90.0,12.0,196.0,1715.0,129.0,401.0,980.0,437.0,2012.0
33796.0,18362.0,23375.0,23530.0,27247.0,21171.0,15557.0,13008.0,13564.0,10363.0,10794.0,0.0,12432.0,25208.0,5699.0,9941.0,9022.0,11091.0,10380.0,12182.0,13278.0,9094.0,7904.0,6242.0,9461.0,3988.0,4076.0,3641.0,5162.0,5793.0,8866.0,3346.0,73.0,3696.0,0.0,5510.0,1103.0,8789.0,4760.0,4435.0,4875.0,2053.0,2478.0,4517.0,3587.0,4160.0,5152.0,3922.0,4856.0,3594.0,3146.0,2455.0,180.0,3694.0,2761.0,2331.0,1160.0,2826.0,1792.0,3681.0,1808.0,2453.0,1211.0,1408.0,662.0,1709.0,1030.0,1935.0,2483.0,105.0,0.0,1913.0,2539.0,714.0,2361.0,1817.0,2084.0,1199.0,0.0,774.0,873.0,0.0,0.0,1368.0,1572.0,562.0,1446.0,1871.0,1412.0,1235.0,494.0,264.0,50.0,294.0,734.0,415.0,1247.0,1480.0,2090.0,1214.0
32696.0,44190.0,17471.0,10918.0,17169.0,22012.0,13837.0,33126.0,11491.0,37677.0,7663.0,12432.0,0.0,0.0,0.0,16469.0,10142.0,5447.0,1632.0,5913.0,0.0,18910.0,16580.0,0.0,6023.0,14448.0,4404.0,8822.0,9668.0,6383.0,10556.0,1942.0,4466.0,1262.0,396.0,8896.0,1377.0,4321.0,3774.0,2818.0,3780.0,912.0,22983.0,3782.0,2755.0,4001.0,1575.0,2957.0,4665.0,4026.0,1359.0,0.0,231.0,651.0,1564.0,677.0,1075.0,1067.0,751.0,1282.0,3261.0,1213.0,499.0,933.0,250.0,945.0,402.0,1467.0,1591.0,62.0,0.0,833.0,786.0,78.0,612.0,464.0,468.0,2575.0,0.0,1269.0,230.0,0.0,0.0,706.0,1017.0,3476.0,1400.0,448.0,534.0,1042.0,654.0,0.0,0.0,387.0,1512.0,2089.0,311.0,255.0,228.0,285.0
3461.0,27251.0,1926.0,19186.0,52752.0,38328.0,1726.0,1422.0,20416.0,31767.0,551.0,25208.0,0.0,0.0,0.0,10768.0,1039.0,9230.0,8864.0,16964.0,95.0,38717.0,12375.0,11.0,1499.0,4858.0,462.0,2287.0,6857.0,10987.0,16036.0,448.0,9118.0,1435.0,6966.0,9453.0,451.0,1122.0,7789.0,5729.0,2305.0,4591.0,16007.0,4902.0,6253.0,5576.0,1379.0,6054.0,5145.0,3312.0,5094.0,0.0,230.0,369.0,1600.0,1592.0,2281.0,1017.0,339.0,3000.0,2780.0,3178.0,292.0,1206.0,1.0,1596.0,231.0,615.0,2521.0,27.0,0.0,1828.0,996.0,1.0,2285.0,1339.0,775.0,1764.0,0.0,1832.0,819.0,0.0,0.0,1537.0,1595.0,1802.0,1683.0,963.0,687.0,3278.0,1479.0,0.0,0.0,149.0,514.0,4726.0,1041.0,484.0,291.0,106.0
71061.0,28655.0,22511.0,7369.0,7700.0,10632.0,14309.0,40850.0,5413.0,26462.0,15389.0,5699.0,0.0,0.0,0.0,11923.0,11478.0,2851.0,3669.0,1505.0,44.0,19127.0,607.0,781.0,13454.0,8288.0,5667.0,12341.0,7564.0,2521.0,8312.0,5528.0,4.0,2924.0,34.0,6269.0,1218.0,636.0,165.0,184.0,2956.0,1909.0,14333.0,1165.0,1733.0,1161.0,1013.0,1510.0,865.0,7427.0,66.0,0.0,4093.0,2244.0,157.0,1393.0,7013.0,513.0,1803.0,211.0,5361.0,732.0,360.0,244.0,0.0,83.0,297.0,2646.0,133.0,3788.0,0.0,746.0,269.0,0.0,337.0,130.0,166.0,4618.0,0.0,2923.0,2003.0,0.0,0.0,63.0,230.0,2405.0,89.0,212.0,195.0,82.0,915.0,0.0,0.0,2.0,186.0,137.0,50.0,77.0,56.0,278.0
7419.0,0.0,10466.0,15289.0,21333.0,17175.0,6519.0,4263.0,20010.0,5065.0,5195.0,9941.0,16469.0,10768.0,11923.0,0.0,3643.0,18698.0,11618.0,20117.0,18548.0,5705.0,7003.0,12967.0,3262.0,0.0,1844.0,3770.0,5700.0,8367.0,6031.0,1032.0,10172.0,1368.0,3930.0,6094.0,797.0,1384.0,6355.0,4294.0,2919.0,3508.0,0.0,7372.0,8052.0,9214.0,4960.0,8558.0,4383.0,2.0,7151.0,10294.0,311.0,632.0,1660.0,863.0,6980.0,756.0,832.0,2207.0,741.0,1536.0,483.0,1075.0,5612.0,4009.0,495.0,365.0,2784.0,52.0,0.0,1849.0,629.0,3331.0,2540.0,836.0,817.0,273.0,0.0,3083.0,2133.0,0.0,0.0,1438.0,1554.0,0.0,530.0,656.0,291.0,1314.0,2541.0,1797.0,4704.0,3347.0,383.0,264.0,589.0,591.0,415.0,228.0
1404.0,6660.0,19012.0,20747.0,12377.0,6929.0,15606.0,28719.0,9964.0,4393.0,24751.0,9022.0,10142.0,1039.0,11478.0,3643.0,0.0,9710.0,4179.0,5270.0,5358.0,3013.0,6216.0,7177.0,12706.0,1085.0,12013.0,7119.0,3399.0,3817.0,2724.0,24686.0,5016.0,23432.0,6305.0,3338.0,17022.0,0.0,4650.0,5304.0,4174.0,3214.0,805.0,3428.0,2963.0,2090.0,5322.0,1998.0,2843.0,1788.0,2836.0,1581.0,0.0,0.0,2399.0,3564.0,941.0,2634.0,4435.0,1127.0,981.0,1031.0,3609.0,1337.0,1008.0,1062.0,2900.0,0.0,908.0,0.0,0.0,2685.0,1732.0,713.0,772.0,1071.0,963.0,594.0,0.0,653.0,610.0,0.0,0.0,881.0,452.0,258.0,486.0,603.0,780.0,461.0,443.0,122.0,112.0,437.0,654.0,142.0,543.0,512.0,415.0,2178.0
16336.0,29617.0,23557.0,20950.0,14396.0,11223.0,35516.0,10141.0,10074.0,9173.0,7695.0,11091.0,5447.0,9230.0,2851.0,18698.0,9710.0,0.0,6702.0,7169.0,4934.0,11105.0,5631.0,6547.0,5069.0,26355.0,4372.0,4489.0,5347.0,5254.0,4688.0,1451.0,7909.0,2037.0,1419.0,2950.0,1454.0,3378.0,4880.0,3925.0,3266.0,714.0,1395.0,3161.0,2590.0,1912.0,1537.0,2209.0,2376.0,2781.0,3114.0,1807.0,258.0,698.0,1469.0,1028.0,660.0,3204.0,893.0,1209.0,1191.0,1075.0,924.0,725.0,514.0,1942.0,797.0,4947.0,1300.0,86.0,0.0,747.0,683.0,615.0,636.0,333.0,515.0,1139.0,0.0,447.0,469.0,0.0,0.0,722.0,575.0,700.0,457.0,500.0,1177.0,524.0,329.0,266.0,39.0,224.0,1287.0,409.0,659.0,599.0,229.0,553.0
13064.0,19485.0,4466.0,10193.0,15744.0,18914.0,6898.0,7127.0,26934.0,11289.0,4828.0,10380.0,1632.0,8864.0,3669.0,11618.0,4179.0,6702.0,0.0,7050.0,236.0,13734.0,5497.0,0.0,4585.0,5602.0,3279.0,3722.0,7949.0,7240.0,4890.0,1614.0,5093.0,1618.0,5754.0,5032.0,886.0,1514.0,6566.0,4900.0,3397.0,3496.0,5641.0,4348.0,3165.0,1835.0,0.0,4444.0,3430.0,5515.0,2917.0,5142.0,236.0,774.0,2851.0,2014.0,1306.0,1420.0,695.0,2599.0,5019.0,0.0,509.0,2148.0,5018.0,1020.0,468.0,787.0,1978.0,121.0,0.0,414.0,1054.0,1684.0,2125.0,1437.0,783.0,1198.0,0.0,1060.0,1190.0,0.0,0.0,1425.0,1519.0,1028.0,1278.0,1223.0,1359.0,810.0,2026.0,1322.0,11.0,1701.0,442.0,358.0,1676.0,521.0,645.0,373.0
14194.0,34781.0,18059.0,12593.0,8713.0,15666.0,13006.0,6795.0,9169.0,21986.0,4535.0,12182.0,5913.0,16964.0,1505.0,20117.0,5270.0,7169.0,7050.0,0.0,5664.0,8109.0,8196.0,7187.0,3619.0,24098.0,2146.0,4485.0,6056.0,6690.0,4387.0,1652.0,2978.0,1323.0,1722.0,3059.0,1688.0,2415.0,3505.0,4016.0,2779.0,945.0,3865.0,1247.0,244.0,988.0,2382.0,412.0,593.0,4897.0,1559.0,1990.0,276.0,663.0,958.0,638.0,373.0,1052.0,695.0,1358.0,1329.0,928.0,400.0,745.0,1022.0,129.0,317.0,814.0,998.0,77.0,0.0,907.0,808.0,710.0,1472.0,658.0,505.0,1040.0,0.0,498.0,455.0,0.0,0.0,960.0,1522.0,1061.0,674.0,418.0,774.0,882.0,550.0,983.0,67.0,782.0,392.0,1967.0,104.0,294.0,199.0,209.0
18199.0,37947.0,10309.0,13419.0,13595.0,19205.0,10325.0,11339.0,18250.0,21097.0,4343.0,13278.0,0.0,95.0,44.0,18548.0,5358.0,4934.0,236.0,5664.0,0.0,13339.0,6302.0,39.0,4639.0,10426.0,1634.0,4739.0,7124.0,7711.0,7397.0,864.0,3931.0,1397.0,1439.0,5474.0,561.0,1629.0,3839.0,2792.0,2537.0,1243.0,7801.0,2807.0,1865.0,2934.0,1.0,2472.0,3281.0,4454.0,1515.0,848.0,255.0,762.0,1000.0,785.0,1232.0,975.0,659.0,1448.0,2861.0,956.0,360.0,928.0,1415.0,719.0,379.0,792.0,1212.0,83.0,0.0,870.0,717.0,424.0,1204.0,933.0,577.0,1536.0,0.0,809.0,377.0,0.0,0.0,734.0,1272.0,1607.0,696.0,536.0,967.0,1387.0,974.0,0.0,48.0,1046.0,365.0,1196.0,837.0,366.0,331.0,350.0
16451.0,5745.0,6408.0,10212.0,23096.0,21937.0,4997.0,10791.0,13113.0,0.0,3163.0,9094.0,18910.0,38717.0,19127.0,5705.0,3013.0,11105.0,13734.0,8109.0,13339.0,0.0,8784.0,4587.0,2223.0,82.0,1426.0,3708.0,4615.0,4102.0,4628.0,426.0,122.0,1099.0,42.0,4508.0,98.0,744.0,2397.0,1549.0,1599.0,632.0,0.0,2422.0,2606.0,2638.0,1959.0,2369.0,2445.0,2193.0,1002.0,2042.0,19.0,357.0,1046.0,480.0,1361.0,525.0,432.0,1430.0,1659.0,1927.0,295.0,652.0,1300.0,1215.0,251.0,326.0,1416.0,18.0,0.0,1986.0,538.0,408.0,1046.0,789.0,555.0,982.0,0.0,732.0,741.0,0.0,0.0,559.0,760.0,0.0,1032.0,449.0,1216.0,879.0,610.0,88.0,37.0,244.0,169.0,219.0,413.0,418.0,288.0,201.0
19780.0,12453.0,12582.0,17147.0,18333.0,12408.0,6125.0,8855.0,5761.0,7076.0,6993.0,7904.0,16580.0,12375.0,607.0,7003.0,6216.0,5631.0,5497.0,8196.0,6302.0,8784.0,0.0,5223.0,6216.0,1791.0,2560.0,1017.0,6240.0,2736.0,4914.0,1835.0,55.0,2291.0,0.0,2834.0,575.0,3100.0,2099.0,2246.0,1253.0,0.0,1162.0,2148.0,2641.0,3598.0,3321.0,2097.0,2777.0,1534.0,1329.0,1279.0,213.0,688.0,1503.0,1147.0,693.0,1287.0,842.0,1966.0,1211.0,1169.0,756.0,2973.0,361.0,970.0,555.0,1036.0,1348.0,38.0,0.0,1202.0,1295.0,444.0,1718.0,928.0,2746.0,883.0,0.0,336.0,441.0,0.0,0.0,490.0,1002.0,87.0,1070.0,1258.0,719.0,386.0,315.0,197.0,14.0,156.0,556.0,153.0,492.0,1062.0,893.0,418.0
13544.0,24527.0,12293.0,11517.0,8883.0,18653.0,7368.0,5597.0,15725.0,22246.0,4016.0,6242.0,0.0,11.0,781.0,12967.0,7177.0,6547.0,0.0,7187.0,39.0,4587.0,5223.0,0.0,3847.0,9432.0,1427.0,5120.0,7929.0,5432.0,6610.0,1839.0,7064.0,1784.0,6017.0,4563.0,2275.0,968.0,3299.0,2751.0,3720.0,5793.0,5839.0,3222.0,1867.0,1071.0,0.0,2082.0,3145.0,4930.0,2042.0,2374.0,293.0,750.0,669.0,1675.0,1813.0,1054.0,728.0,1488.0,2692.0,3.0,456.0,1053.0,2419.0,927.0,326.0,355.0,2305.0,94.0,0.0,795.0,764.0,1648.0,1264.0,376.0,412.0,1211.0,0.0,913.0,90.0,0.0,0.0,330.0,478.0,689.0,296.0,532.0,792.0,176.0,1240.0,0.0,1332.0,2866.0,300.0,1184.0,198.0,297.0,321.0,175.0
22595.0,10186.0,12310.0,17195.0,7730.0,9374.0,15692.0,8999.0,7691.0,5773.0,10777.0,9461.0,6023.0,1499.0,13454.0,3262.0,12706.0,5069.0,4585.0,3619.0,4639.0,2223.0,6216.0,3847.0,0.0,1388.0,7087.0,5006.0,2326.0,2599.0,2681.0,6453.0,2167.0,4478.0,1464.0,2481.0,8392.0,5876.0,2443.0,2523.0,3562.0,1290.0,811.0,1606.0,1438.0,1760.0,2671.0,1362.0,1917.0,1118.0,1276.0,1035.0,4117.0,2457.0,1093.0,1708.0,554.0,1668.0,1749.0,1010.0,785.0,866.0,2546.0,1243.0,343.0,692.0,1768.0,1056.0,729.0,10194.0,0.0,634.0,768.0,573.0,818.0,628.0,1059.0,438.0,0.0,370.0,302.0,0.0,0.0,763.0,468.0,178.0,440.0,438.0,487.0,242.0,285.0,156.0,12.0,340.0,440.0,137.0,300.0,323.0,638.0,763.0
2019.0,20.0,2221.0,6737.0,22390.0,5703.0,2662.0,1426.0,24823.0,0.0,1106.0,3988.0,14448.0,4858.0,8288.0,0.0,1085.0,26355.0,5602.0,24098.0,10426.0,82.0,1791.0,9432.0,1388.0,0.0,782.0,1022.0,476.0,3767.0,2285.0,398.0,9502.0,499.0,774.0,1674.0,175.0,587.0,6607.0,3343.0,668.0,245.0,0.0,9803.0,10551.0,6575.0,553.0,8398.0,6050.0,79.0,10067.0,8088.0,23.0,174.0,1785.0,293.0,4279.0,402.0,169.0,505.0,388.0,984.0,138.0,467.0,3208.0,4814.0,158.0,197.0,1140.0,2.0,0.0,581.0,209.0,2635.0,338.0,886.0,388.0,201.0,0.0,1510.0,2075.0,0.0,0.0,2057.0,483.0,0.0,259.0,225.0,181.0,345.0,1910.0,1848.0,2214.0,999.0,260.0,147.0,411.0,346.0,234.0,79.0
22966.0,5298.0,18574.0,11966.0,5501.0,3941.0,19971.0,16006.0,3658.0,2255.0,7497.0,4076.0,4404.0,462.0,5667.0,1844.0,12013.0,4372.0,3279.0,2146.0,1634.0,1426.0,2560.0,1427.0,7087.0,782.0,0.0,3666.0,2002.0,1850.0,1564.0,11933.0,1634.0,8545.0,2962.0,1229.0,9421.0,8833.0,1898.0,2069.0,1620.0,768.0,439.0,1180.0,954.0,909.0,1344.0,818.0,926.0,728.0,1068.0,560.0,5324.0,4809.0,961.0,1797.0,341.0,2923.0,2289.0,520.0,430.0,448.0,5482.0,719.0,214.0,403.0,4316.0,6453.0,475.0,2797.0,0.0,385.0,469.0,366.0,352.0,415.0,489.0,281.0,0.0,261.0,258.0,0.0,0.0,470.0,397.0,155.0,274.0,337.0,226.0,266.0,174.0,51.0,5.0,115.0,839.0,69.0,208.0,274.0,180.0,1436.0
15256.0,9648.0,12932.0,18276.0,9843.0,9015.0,8382.0,12122.0,7530.0,5451.0,6575.0,3641.0,8822.0,2287.0,12341.0,3770.0,7119.0,4489.0,3722.0,4485.0,4739.0,3708.0,1017.0,5120.0,5006.0,1022.0,3666.0,0.0,5678.0,3842.0,2695.0,6599.0,4442.0,2503.0,5930.0,3398.0,2154.0,3278.0,3044.0,2616.0,0.0,1358.0,553.0,2582.0,1574.0,1728.0,4606.0,1644.0,2138.0,1063.0,1258.0,1120.0,637.0,1212.0,875.0,2649.0,657.0,779.0,1358.0,1384.0,981.0,1037.0,667.0,842.0,582.0,568.0,655.0,543.0,922.0,2304.0,388.0,559.0,2955.0,622.0,889.0,617.0,757.0,425.0,0.0,427.0,370.0,0.0,0.0,579.0,569.0,161.0,426.0,588.0,359.0,446.0,375.0,189.0,85.0,343.0,320.0,139.0,288.0,259.0,391.0,322.0
15628.0,10629.0,5513.0,11129.0,10027.0,10421.0,3884.0,5715.0,6827.0,8217.0,4648.0,5162.0,9668.0,6857.0,7564.0,5700.0,3399.0,5347.0,7949.0,6056.0,7124.0,4615.0,6240.0,7929.0,2326.0,476.0,2002.0,5678.0,0.0,4752.0,3296.0,1232.0,4428.0,2095.0,7432.0,3803.0,2676.0,976.0,2880.0,2659.0,3245.0,8606.0,393.0,2176.0,2337.0,2324.0,2148.0,1697.0,1806.0,994.0,1217.0,1144.0,195.0,573.0,990.0,863.0,827.0,585.0,618.0,315.0,1054.0,1312.0,494.0,964.0,816.0,540.0,494.0,235.0,1173.0,29.0,0.0,943.0,533.0,622.0,223.0,541.0,834.0,537.0,0.0,538.0,413.0,0.0,0.0,437.0,481.0,83.0,480.0,512.0,0.0,469.0,445.0,191.0,115.0,346.0,212.0,201.0,337.0,353.0,195.0,309.0
11384.0,14628.0,7600.0,11293.0,5765.0,5180.0,6285.0,4974.0,10231.0,9593.0,4221.0,5793.0,6383.0,10987.0,2521.0,8367.0,3817.0,5254.0,7240.0,6690.0,7711.0,4102.0,2736.0,5432.0,2599.0,3767.0,1850.0,3842.0,4752.0,0.0,5629.0,988.0,5250.0,1567.0,5680.0,5756.0,1789.0,1456.0,1807.0,3429.0,2631.0,4611.0,867.0,167.0,2786.0,2789.0,1643.0,1822.0,82.0,3384.0,2727.0,1409.0,331.0,961.0,1022.0,765.0,855.0,640.0,721.0,1.0,1737.0,1754.0,466.0,1107.0,857.0,571.0,478.0,347.0,1.0,42.0,0.0,1033.0,725.0,683.0,36.0,516.0,678.0,718.0,720.0,524.0,789.0,0.0,739.0,444.0,487.0,299.0,6.0,238.0,1590.0,532.0,517.0,166.0,190.0,522.0,387.0,288.0,84.0,409.0,260.0,305.0
7206.0,10146.0,5745.0,7189.0,8973.0,4446.0,5542.0,5135.0,9982.0,3897.0,2354.0,8866.0,10556.0,16036.0,8312.0,6031.0,2724.0,4688.0,4890.0,4387.0,7397.0,4628.0,4914.0,6610.0,2681.0,2285.0,1564.0,2695.0,3296.0,5629.0,0.0,829.0,1407.0,1361.0,1318.0,398.0,387.0,1261.0,2478.0,1917.0,2335.0,1089.0,2051.0,2456.0,2370.0,2657.0,2663.0,1723.0,2889.0,1704.0,1720.0,3167.0,234.0,775.0,698.0,464.0,1533.0,559.0,549.0,1840.0,321.0,1308.0,296.0,785.0,2043.0,804.0,229.0,385.0,1346.0,130.0,0.0,1111.0,440.0,1354.0,1169.0,832.0,528.0,391.0,0.0,1158.0,1128.0,0.0,0.0,539.0,94.0,833.0,341.0,547.0,708.0,77.0,931.0,831.0,225.0,746.0,406.0,159.0,661.0,262.0,265.0,299.0
21943.0,2935.0,18052.0,9438.0,3380.0,3800.0,12462.0,0.0,2710.0,813.0,20581.0,3346.0,1942.0,448.0,5528.0,1032.0,24686.0,1451.0,1614.0,1652.0,864.0,426.0,1835.0,1839.0,6453.0,398.0,11933.0,6599.0,1232.0,988.0,829.0,0.0,1653.0,0.0,4321.0,1392.0,1.0,21783.0,1570.0,979.0,1219.0,1596.0,238.0,673.0,383.0,806.0,752.0,721.0,400.0,417.0,520.0,455.0,14278.0,6027.0,493.0,1035.0,322.0,2624.0,2901.0,408.0,266.0,324.0,1993.0,405.0,167.0,306.0,1201.0,37.0,365.0,2808.0,0.0,214.0,780.0,246.0,537.0,279.0,293.0,150.0,0.0,208.0,148.0,0.0,0.0,314.0,378.0,74.0,150.0,187.0,115.0,119.0,75.0,49.0,8.0,96.0,303.0,52.0,135.0,148.0,164.0,0.0
10175.0,16512.0,12530.0,12759.0,0.0,11812.0,14207.0,3119.0,3747.0,9804.0,2031.0,73.0,4466.0,9118.0,4.0,10172.0,5016.0,7909.0,5093.0,2978.0,3931.0,122.0,55.0,7064.0,2167.0,9502.0,1634.0,4442.0,4428.0,5250.0,1407.0,1653.0,0.0,1766.0,9677.0,2922.0,2482.0,556.0,4200.0,6571.0,2763.0,8381.0,373.0,319.0,2597.0,2866.0,48.0,3748.0,1809.0,1156.0,0.0,890.0,919.0,1561.0,2456.0,1111.0,946.0,1116.0,653.0,1327.0,1584.0,156.0,155.0,695.0,1164.0,175.0,159.0,6.0,1059.0,86.0,0.0,923.0,403.0,567.0,1213.0,103.0,263.0,75.0,0.0,49.0,17.0,0.0,0.0,0.0,203.0,56.0,35.0,199.0,594.0,32.0,83.0,1.0,132.0,644.0,19.0,35.0,12.0,150.0,5.0,0.0
16308.0,4329.0,11451.0,7725.0,2810.0,3633.0,12748.0,166.0,1718.0,1690.0,12221.0,3696.0,1262.0,1435.0,2924.0,1368.0,23432.0,2037.0,1618.0,1323.0,1397.0,1099.0,2291.0,1784.0,4478.0,499.0,8545.0,2503.0,2095.0,1567.0,1361.0,0.0,1766.0,0.0,1789.0,940.0,0.0,12706.0,1686.0,1412.0,2038.0,1498.0,364.0,893.0,603.0,547.0,1800.0,687.0,516.0,627.0,670.0,490.0,12161.0,11618.0,773.0,897.0,290.0,1170.0,5.0,557.0,329.0,327.0,2561.0,787.0,205.0,334.0,1777.0,293.0,446.0,10141.0,0.0,431.0,581.0,204.0,345.0,398.0,588.0,248.0,0.0,152.0,141.0,0.0,0.0,289.0,309.0,72.0,195.0,449.0,220.0,192.0,94.0,51.0,16.0,100.0,320.0,53.0,192.0,241.0,220.0,1.0
11989.0,7050.0,9750.0,12414.0,42.0,11377.0,9739.0,5100.0,2247.0,4230.0,3504.0,0.0,396.0,6966.0,34.0,3930.0,6305.0,1419.0,5754.0,1722.0,1439.0,42.0,0.0,6017.0,1464.0,774.0,2962.0,5930.0,7432.0,5680.0,1318.0,4321.0,9677.0,1789.0,0.0,2107.0,2873.0,1535.0,5450.0,6707.0,7809.0,14058.0,157.0,1485.0,716.0,1556.0,70.0,1855.0,291.0,1013.0,1514.0,358.0,1640.0,1795.0,1232.0,3128.0,364.0,243.0,685.0,1816.0,939.0,299.0,426.0,755.0,357.0,240.0,503.0,3.0,1013.0,93.0,0.0,337.0,3491.0,418.0,1789.0,111.0,1681.0,62.0,0.0,189.0,28.0,0.0,0.0,8.0,274.0,36.0,48.0,1240.0,192.0,40.0,108.0,31.0,102.0,238.0,10.0,26.0,9.0,0.0,0.0,33.0
6035.0,12396.0,6672.0,8168.0,6725.0,9554.0,4586.0,6310.0,11588.0,6393.0,3745.0,5510.0,8896.0,9453.0,6269.0,6094.0,3338.0,2950.0,5032.0,3059.0,5474.0,4508.0,2834.0,4563.0,2481.0,1674.0,1229.0,3398.0,3803.0,5756.0,398.0,1392.0,2922.0,940.0,2107.0,0.0,386.0,894.0,2163.0,2505.0,2273.0,1628.0,2049.0,1828.0,1475.0,1333.0,1372.0,1428.0,1434.0,1097.0,881.0,1511.0,245.0,492.0,559.0,551.0,871.0,606.0,476.0,1031.0,85.0,18.0,299.0,624.0,790.0,499.0,299.0,302.0,820.0,53.0,616.0,29.0,499.0,738.0,780.0,468.0,365.0,200.0,669.0,726.0,669.0,0.0,729.0,436.0,100.0,270.0,253.0,402.0,459.0,0.0,462.0,149.0,321.0,505.0,275.0,18.0,259.0,277.0,280.0,128.0
20155.0,2359.0,22553.0,6911.0,473.0,2691.0,12685.0,0.0,472.0,628.0,12194.0,1103.0,1377.0,451.0,1218.0,797.0,17022.0,1454.0,886.0,1688.0,561.0,98.0,575.0,2275.0,8392.0,175.0,9421.0,2154.0,2676.0,1789.0,387.0,1.0,2482.0,0.0,2873.0,386.0,0.0,13519.0,932.0,1717.0,1679.0,3682.0,61.0,1744.0,385.0,278.0,183.0,861.0,213.0,286.0,445.0,253.0,16098.0,10191.0,345.0,2991.0,160.0,746.0,1863.0,308.0,170.0,91.0,1669.0,229.0,186.0,186.0,1626.0,40.0,228.0,10558.0,0.0,175.0,386.0,173.0,183.0,158.0,223.0,45.0,0.0,43.0,12.0,963.0,0.0,45.0,106.0,6.0,16.0,165.0,65.0,14.0,21.0,7.0,37.0,69.0,248.0,14.0,9.0,96.0,17.0,0.0
0.0,1817.0,8797.0,14379.0,7123.0,4743.0,13708.0,12969.0,1095.0,1152.0,18251.0,8789.0,4321.0,1122.0,636.0,1384.0,0.0,3378.0,1514.0,2415.0,1629.0,744.0,3100.0,968.0,5876.0,587.0,8833.0,3278.0,976.0,1456.0,1261.0,21783.0,556.0,12706.0,1535.0,894.0,13519.0,0.0,1290.0,1136.0,2391.0,1514.0,381.0,1070.0,733.0,841.0,785.0,829.0,669.0,683.0,821.0,693.0,0.0,0.0,778.0,1126.0,321.0,516.0,1040.0,583.0,354.0,384.0,1588.0,705.0,163.0,573.0,1654.0,0.0,637.0,0.0,0.0,355.0,424.0,216.0,433.0,515.0,625.0,319.0,0.0,208.0,218.0,0.0,0.0,382.0,334.0,114.0,271.0,310.0,199.0,244.0,84.0,114.0,3.0,42.0,245.0,53.0,235.0,356.0,246.0,29.0
7326.0,12261.0,10601.0,11892.0,4404.0,7735.0,8617.0,3522.0,3750.0,5949.0,3921.0,4760.0,3774.0,7789.0,165.0,6355.0,4650.0,4880.0,6566.0,3505.0,3839.0,2397.0,2099.0,3299.0,2443.0,6607.0,1898.0,3044.0,2880.0,1807.0,2478.0,1570.0,4200.0,1686.0,5450.0,2163.0,932.0,1290.0,0.0,1808.0,2791.0,3825.0,2503.0,116.0,2126.0,1856.0,1135.0,1647.0,709.0,2049.0,1485.0,1284.0,365.0,742.0,1687.0,694.0,390.0,764.0,541.0,3.0,914.0,768.0,341.0,1119.0,550.0,320.0,330.0,551.0,27.0,82.0,0.0,717.0,447.0,378.0,381.0,834.0,713.0,597.0,0.0,323.0,283.0,0.0,0.0,186.0,439.0,304.0,207.0,686.0,414.0,342.0,313.0,142.0,119.0,354.0,282.0,175.0,93.0,814.0,217.0,228.0
10794.0,10013.0,9185.0,12334.0,4839.0,7401.0,9654.0,3005.0,3099.0,6638.0,4209.0,4435.0,2818.0,5729.0,184.0,4294.0,5304.0,3925.0,4900.0,4016.0,2792.0,1549.0,2246.0,2751.0,2523.0,3343.0,2069.0,2616.0,2659.0,3429.0,1917.0,979.0,6571.0,1412.0,6707.0,2505.0,1717.0,1136.0,1808.0,0.0,2578.0,3771.0,753.0,2014.0,1246.0,1106.0,986.0,1091.0,1096.0,1304.0,1562.0,669.0,268.0,753.0,0.0,1263.0,349.0,692.0,501.0,124.0,709.0,631.0,497.0,192.0,268.0,443.0,387.0,692.0,542.0,86.0,207.0,570.0,532.0,309.0,583.0,0.0,0.0,501.0,567.0,275.0,283.0,821.0,750.0,261.0,474.0,286.0,312.0,272.0,543.0,419.0,189.0,77.0,66.0,228.0,177.0,128.0,215.0,0.0,161.0,254.0
6820.0,5350.0,9631.0,9740.0,4802.0,6272.0,5624.0,1982.0,2262.0,2413.0,3884.0,4875.0,3780.0,2305.0,2956.0,2919.0,4174.0,3266.0,3397.0,2779.0,2537.0,1599.0,1253.0,3720.0,3562.0,668.0,1620.0,0.0,3245.0,2631.0,2335.0,1219.0,2763.0,2038.0,7809.0,2273.0,1679.0,2391.0,2791.0,2578.0,0.0,1659.0,469.0,1686.0,1435.0,1411.0,2711.0,1362.0,1241.0,1188.0,1212.0,925.0,447.0,1655.0,1076.0,1249.0,511.0,655.0,836.0,1188.0,739.0,1087.0,575.0,1190.0,527.0,606.0,596.0,234.0,845.0,161.0,257.0,963.0,2776.0,473.0,919.0,618.0,846.0,429.0,0.0,278.0,356.0,0.0,0.0,438.0,531.0,126.0,442.0,569.0,517.0,389.0,300.0,158.0,119.0,330.0,154.0,129.0,812.0,390.0,771.0,346.0
8110.0,6668.0,8646.0,11788.0,97.0,11115.0,5572.0,788.0,4160.0,3750.0,815.0,2053.0,912.0,4591.0,1909.0,3508.0,3214.0,714.0,3496.0,945.0,1243.0,632.0,0.0,5793.0,1290.0,245.0,768.0,1358.0,8606.0,4611.0,1089.0,1596.0,8381.0,1498.0,14058.0,1628.0,3682.0,1514.0,3825.0,3771.0,1659.0,0.0,188.0,1927.0,733.0,1696.0,117.0,1629.0,322.0,958.0,1506.0,418.0,1015.0,811.0,1309.0,2190.0,547.0,202.0,682.0,1470.0,869.0,440.0,227.0,3071.0,302.0,280.0,342.0,29.0,1271.0,53.0,0.0,402.0,2410.0,326.0,1369.0,147.0,2956.0,129.0,0.0,184.0,59.0,0.0,0.0,79.0,441.0,32.0,94.0,521.0,415.0,102.0,136.0,30.0,130.0,189.0,4.0,36.0,75.0,157.0,39.0,46.0
1381.0,0.0,973.0,1320.0,6474.0,7130.0,1130.0,864.0,18939.0,0.0,682.0,2478.0,22983.0,16007.0,14333.0,0.0,805.0,1395.0,5641.0,3865.0,7801.0,0.0,1162.0,5839.0,811.0,0.0,439.0,553.0,393.0,867.0,2051.0,238.0,373.0,364.0,157.0,2049.0,61.0,381.0,2503.0,753.0,469.0,188.0,0.0,1035.0,2369.0,2145.0,566.0,1719.0,701.0,14.0,688.0,4671.0,7.0,100.0,302.0,249.0,842.0,197.0,151.0,531.0,416.0,682.0,64.0,275.0,2248.0,695.0,52.0,185.0,692.0,13.0,0.0,593.0,137.0,827.0,382.0,290.0,249.0,177.0,0.0,1095.0,828.0,0.0,0.0,257.0,419.0,0.0,252.0,230.0,316.0,435.0,627.0,9373.0,8643.0,495.0,116.0,134.0,303.0,155.0,112.0,28.0
5996.0,13577.0,8765.0,7580.0,2290.0,6429.0,6647.0,2686.0,3870.0,7068.0,2647.0,4517.0,3782.0,4902.0,1165.0,7372.0,3428.0,3161.0,4348.0,1247.0,2807.0,2422.0,2148.0,3222.0,1606.0,9803.0,1180.0,2582.0,2176.0,167.0,2456.0,673.0,319.0,893.0,1485.0,1828.0,1744.0,1070.0,116.0,2014.0,1686.0,1927.0,1035.0,0.0,256.0,312.0,1084.0,22.0,0.0,1769.0,190.0,832.0,271.0,580.0,453.0,457.0,323.0,744.0,370.0,425.0,993.0,587.0,286.0,520.0,381.0,80.0,267.0,335.0,0.0,45.0,2083.0,554.0,405.0,370.0,361.0,378.0,297.0,857.0,2692.0,244.0,303.0,0.0,2750.0,219.0,436.0,1434.0,144.0,343.0,404.0,389.0,227.0,132.0,67.0,277.0,222.0,183.0,0.0,210.0,148.0,170.0
8516.0,13748.0,9928.0,5761.0,6210.0,8211.0,7804.0,3499.0,5800.0,9395.0,1400.0,3587.0,2755.0,6253.0,1733.0,8052.0,2963.0,2590.0,3165.0,244.0,1865.0,2606.0,2641.0,1867.0,1438.0,10551.0,954.0,1574.0,2337.0,2786.0,2370.0,383.0,2597.0,603.0,716.0,1475.0,385.0,733.0,2126.0,1246.0,1435.0,733.0,2369.0,256.0,0.0,3.0,829.0,2.0,21.0,1378.0,1797.0,900.0,110.0,318.0,395.0,341.0,16.0,566.0,362.0,511.0,825.0,285.0,156.0,352.0,318.0,96.0,158.0,378.0,92.0,9.0,419.0,327.0,205.0,187.0,393.0,234.0,319.0,817.0,450.0,17.0,66.0,0.0,667.0,283.0,383.0,1540.0,248.0,238.0,314.0,239.0,227.0,27.0,63.0,210.0,215.0,471.0,1.0,172.0,148.0,88.0
5231.0,14645.0,6825.0,5305.0,4784.0,6509.0,4496.0,3306.0,7766.0,7307.0,2195.0,4160.0,4001.0,5576.0,1161.0,9214.0,2090.0,1912.0,1835.0,988.0,2934.0,2638.0,3598.0,1071.0,1760.0,6575.0,909.0,1728.0,2324.0,2789.0,2657.0,806.0,2866.0,547.0,1556.0,1333.0,278.0,841.0,1856.0,1106.0,1411.0,1696.0,2145.0,312.0,3.0,0.0,792.0,0.0,75.0,1863.0,389.0,818.0,242.0,356.0,400.0,381.0,2.0,497.0,334.0,713.0,1081.0,194.0,204.0,710.0,369.0,174.0,215.0,295.0,275.0,40.0,931.0,455.0,266.0,378.0,553.0,212.0,393.0,905.0,1096.0,46.0,143.0,0.0,1073.0,235.0,452.0,1238.0,281.0,350.0,397.0,232.0,255.0,56.0,61.0,241.0,219.0,670.0,14.0,159.0,159.0,108.0
16375.0,10992.0,6171.0,10077.0,3390.0,6336.0,2951.0,13795.0,4318.0,4715.0,6411.0,5152.0,1575.0,1379.0,1013.0,4960.0,5322.0,1537.0,0.0,2382.0,1.0,1959.0,3321.0,0.0,2671.0,553.0,1344.0,4606.0,2148.0,1643.0,2663.0,752.0,48.0,1800.0,70.0,1372.0,183.0,785.0,1135.0,986.0,2711.0,117.0,566.0,1084.0,829.0,792.0,0.0,1073.0,916.0,1330.0,204.0,1614.0,137.0,334.0,284.0,576.0,406.0,727.0,610.0,212.0,1420.0,25.0,342.0,640.0,514.0,248.0,258.0,317.0,568.0,13.0,0.0,301.0,425.0,221.0,227.0,200.0,199.0,823.0,0.0,499.0,419.0,0.0,0.0,145.0,596.0,133.0,514.0,168.0,224.0,237.0,241.0,0.0,0.0,24.0,247.0,62.0,404.0,146.0,481.0,241.0
5255.0,12999.0,7103.0,4562.0,5328.0,6682.0,4822.0,1910.0,3443.0,6496.0,1375.0,3922.0,2957.0,6054.0,1510.0,8558.0,1998.0,2209.0,4444.0,412.0,2472.0,2369.0,2097.0,2082.0,1362.0,8398.0,818.0,1644.0,1697.0,1822.0,1723.0,721.0,3748.0,687.0,1855.0,1428.0,861.0,829.0,1647.0,1091.0,1362.0,1629.0,1719.0,22.0,2.0,0.0,1073.0,0.0,0.0,1126.0,392.0,687.0,276.0,477.0,479.0,486.0,115.0,560.0,367.0,548.0,671.0,322.0,191.0,502.0,415.0,127.0,164.0,332.0,3.0,20.0,0.0,336.0,225.0,252.0,444.0,485.0,381.0,413.0,0.0,102.0,167.0,0.0,0.0,365.0,406.0,410.0,115.0,213.0,341.0,174.0,197.0,94.0,90.0,203.0,226.0,269.0,0.0,244.0,145.0,116.0
5574.0,9848.0,7882.0,6686.0,5010.0,3889.0,5554.0,3701.0,3502.0,6060.0,1826.0,4856.0,4665.0,5145.0,865.0,4383.0,2843.0,2376.0,3430.0,593.0,3281.0,2445.0,2777.0,3145.0,1917.0,6050.0,926.0,2138.0,1806.0,82.0,2889.0,400.0,1809.0,516.0,291.0,1434.0,213.0,669.0,709.0,1096.0,1241.0,322.0,701.0,0.0,21.0,75.0,916.0,0.0,0.0,1647.0,309.0,872.0,52.0,286.0,392.0,252.0,188.0,400.0,245.0,537.0,954.0,544.0,180.0,331.0,316.0,167.0,140.0,299.0,0.0,23.0,2938.0,382.0,233.0,278.0,317.0,191.0,254.0,979.0,2784.0,176.0,218.0,809.0,3076.0,204.0,254.0,1205.0,19.0,196.0,239.0,220.0,179.0,96.0,97.0,233.0,227.0,156.0,0.0,183.0,110.0,95.0
2256.0,0.0,3519.0,4405.0,7735.0,5915.0,1963.0,1460.0,6573.0,4480.0,1532.0,3594.0,4026.0,3312.0,7427.0,2.0,1788.0,2781.0,5515.0,4897.0,4454.0,2193.0,1534.0,4930.0,1118.0,79.0,728.0,1063.0,994.0,3384.0,1704.0,417.0,1156.0,627.0,1013.0,1097.0,286.0,683.0,2049.0,1304.0,1188.0,958.0,14.0,1769.0,1378.0,1863.0,1330.0,1126.0,1647.0,0.0,857.0,1287.0,93.0,276.0,533.0,338.0,821.0,307.0,285.0,653.0,21.0,794.0,195.0,432.0,805.0,494.0,145.0,149.0,602.0,34.0,0.0,1530.0,283.0,664.0,594.0,316.0,316.0,0.0,0.0,537.0,487.0,0.0,0.0,264.0,297.0,0.0,298.0,354.0,205.0,412.0,499.0,201.0,179.0,436.0,201.0,57.0,392.0,182.0,194.0,109.0
3127.0,13107.0,7881.0,6230.0,123.0,5123.0,10172.0,1404.0,2253.0,4334.0,2343.0,3146.0,1359.0,5094.0,66.0,7151.0,2836.0,3114.0,2917.0,1559.0,1515.0,1002.0,1329.0,2042.0,1276.0,10067.0,1068.0,1258.0,1217.0,2727.0,1720.0,520.0,0.0,670.0,1514.0,881.0,445.0,821.0,1485.0,1562.0,1212.0,1506.0,688.0,190.0,1797.0,389.0,204.0,392.0,309.0,857.0,0.0,425.0,255.0,404.0,384.0,353.0,132.0,738.0,338.0,265.0,394.0,295.0,182.0,287.0,248.0,72.0,177.0,359.0,164.0,27.0,401.0,275.0,302.0,174.0,270.0,142.0,170.0,401.0,438.0,136.0,95.0,466.0,523.0,1.0,330.0,414.0,166.0,233.0,586.0,271.0,132.0,70.0,42.0,155.0,212.0,127.0,134.0,115.0,63.0,167.0
3267.0,16671.0,2068.0,2679.0,3493.0,5183.0,2490.0,1778.0,0.0,11151.0,913.0,2455.0,0.0,0.0,0.0,10294.0,1581.0,1807.0,5142.0,1990.0,848.0,2042.0,1279.0,2374.0,1035.0,8088.0,560.0,1120.0,1144.0,1409.0,3167.0,455.0,890.0,490.0,358.0,1511.0,253.0,693.0,1284.0,669.0,925.0,418.0,4671.0,832.0,900.0,818.0,1614.0,687.0,872.0,1287.0,425.0,0.0,75.0,220.0,277.0,337.0,195.0,597.0,219.0,404.0,893.0,269.0,139.0,376.0,0.0,311.0,101.0,232.0,428.0,7.0,0.0,408.0,209.0,0.0,295.0,200.0,201.0,550.0,0.0,29.0,0.0,0.0,0.0,226.0,377.0,413.0,266.0,165.0,240.0,354.0,0.0,0.0,0.0,0.0,215.0,822.0,268.0,146.0,122.0,75.0
0.0,328.0,9477.0,3969.0,240.0,315.0,9760.0,10382.0,1456.0,173.0,6532.0,180.0,231.0,230.0,4093.0,311.0,0.0,258.0,236.0,276.0,255.0,19.0,213.0,293.0,4117.0,23.0,5324.0,637.0,195.0,331.0,234.0,14278.0,919.0,12161.0,1640.0,245.0,16098.0,0.0,365.0,268.0,447.0,1015.0,7.0,271.0,110.0,242.0,137.0,276.0,52.0,93.0,255.0,75.0,0.0,0.0,306.0,420.0,133.0,278.0,567.0,86.0,36.0,58.0,717.0,309.0,31.0,98.0,682.0,0.0,220.0,0.0,0.0,12.0,202.0,61.0,90.0,143.0,231.0,14.0,0.0,34.0,13.0,0.0,0.0,49.0,18.0,1.0,19.0,147.0,2.0,3.0,6.0,0.0,0.0,47.0,75.0,4.0,19.0,159.0,31.0,1.0
0.0,3990.0,3523.0,5043.0,887.0,1140.0,6826.0,1746.0,415.0,539.0,5579.0,3694.0,651.0,369.0,2244.0,632.0,0.0,698.0,774.0,663.0,762.0,357.0,688.0,750.0,2457.0,174.0,4809.0,1212.0,573.0,961.0,775.0,6027.0,1561.0,11618.0,1795.0,492.0,10191.0,0.0,742.0,753.0,1655.0,811.0,100.0,580.0,318.0,356.0,334.0,477.0,286.0,276.0,404.0,220.0,0.0,0.0,535.0,702.0,136.0,274.0,722.0,285.0,110.0,121.0,898.0,521.0,115.0,240.0,849.0,0.0,399.0,0.0,0.0,231.0,642.0,74.0,185.0,203.0,428.0,91.0,0.0,33.0,25.0,0.0,0.0,109.0,90.0,4.0,109.0,239.0,122.0,38.0,18.0,3.0,1.0,58.0,78.0,15.0,106.0,173.0,53.0,8.0
3008.0,4608.0,5959.0,5926.0,2686.0,2245.0,8222.0,1481.0,852.0,1456.0,1980.0,2761.0,1564.0,1600.0,157.0,1660.0,2399.0,1469.0,2851.0,958.0,1000.0,1046.0,1503.0,669.0,1093.0,1785.0,961.0,875.0,990.0,1022.0,698.0,493.0,2456.0,773.0,1232.0,559.0,345.0,778.0,1687.0,0.0,1076.0,1309.0,302.0,453.0,395.0,400.0,284.0,479.0,392.0,533.0,384.0,277.0,306.0,535.0,0.0,286.0,145.0,524.0,261.0,264.0,302.0,224.0,294.0,188.0,154.0,177.0,228.0,478.0,262.0,52.0,809.0,269.0,248.0,127.0,191.0,0.0,78.0,221.0,374.0,79.0,94.0,788.0,754.0,102.0,148.0,165.0,114.0,185.0,231.0,105.0,80.0,67.0,4.0,123.0,74.0,75.0,159.0,0.0,126.0,156.0
6472.0,2445.0,5051.0,4230.0,1288.0,1554.0,7147.0,1668.0,1251.0,847.0,2875.0,2331.0,677.0,1592.0,1393.0,863.0,3564.0,1028.0,2014.0,638.0,785.0,480.0,1147.0,1675.0,1708.0,293.0,1797.0,2649.0,863.0,765.0,464.0,1035.0,1111.0,897.0,3128.0,551.0,2991.0,1126.0,694.0,1263.0,1249.0,2190.0,249.0,457.0,341.0,381.0,576.0,486.0,252.0,338.0,353.0,337.0,420.0,702.0,286.0,0.0,160.0,286.0,432.0,255.0,222.0,172.0,327.0,298.0,149.0,198.0,353.0,187.0,247.0,88.0,0.0,192.0,0.0,210.0,221.0,179.0,313.0,135.0,0.0,153.0,126.0,0.0,0.0,176.0,123.0,81.0,281.0,196.0,171.0,72.0,130.0,62.0,32.0,120.0,121.0,33.0,166.0,89.0,58.0,155.0
3185.0,13626.0,3164.0,1651.0,1850.0,2673.0,2372.0,859.0,4354.0,7380.0,520.0,1160.0,1075.0,2281.0,7013.0,6980.0,941.0,660.0,1306.0,373.0,1232.0,1361.0,693.0,1813.0,554.0,4279.0,341.0,657.0,827.0,855.0,1533.0,322.0,946.0,290.0,364.0,871.0,160.0,321.0,390.0,349.0,511.0,547.0,842.0,323.0,16.0,2.0,406.0,115.0,188.0,821.0,132.0,195.0,133.0,136.0,145.0,160.0,0.0,236.0,179.0,274.0,414.0,148.0,34.0,173.0,113.0,75.0,53.0,88.0,181.0,33.0,0.0,223.0,92.0,19.0,154.0,64.0,81.0,270.0,0.0,0.0,0.0,0.0,0.0,83.0,163.0,420.0,142.0,61.0,112.0,167.0,119.0,9.0,44.0,63.0,55.0,173.0,30.0,61.0,36.0,30.0
6799.0,1049.0,3156.0,5954.0,2816.0,1520.0,108.0,2113.0,1418.0,606.0,5155.0,2826.0,1067.0,1017.0,513.0,756.0,2634.0,3204.0,1420.0,1052.0,975.0,525.0,1287.0,1054.0,1668.0,402.0,2923.0,779.0,585.0,640.0,559.0,2624.0,1116.0,1170.0,243.0,606.0,746.0,516.0,764.0,692.0,655.0,202.0,197.0,744.0,566.0,497.0,727.0,560.0,400.0,307.0,738.0,597.0,278.0,274.0,524.0,286.0,236.0,0.0,544.0,188.0,188.0,277.0,321.0,300.0,198.0,471.0,487.0,86.0,316.0,107.0,0.0,331.0,53.0,266.0,202.0,316.0,227.0,172.0,0.0,158.0,161.0,0.0,0.0,482.0,145.0,75.0,185.0,181.0,140.0,147.0,104.0,123.0,8.0,170.0,165.0,35.0,197.0,147.0,154.0,237.0
8558.0,1225.0,11788.0,3893.0,1067.0,1173.0,4702.0,1254.0,997.0,713.0,3460.0,1792.0,751.0,339.0,1803.0,832.0,4435.0,893.0,695.0,695.0,659.0,432.0,842.0,728.0,1749.0,169.0,2289.0,1358.0,618.0,721.0,549.0,2901.0,653.0,5.0,685.0,476.0,1863.0,1040.0,541.0,501.0,836.0,682.0,151.0,370.0,362.0,334.0,610.0,367.0,245.0,285.0,338.0,219.0,567.0,722.0,261.0,432.0,179.0,544.0,0.0,149.0,110.0,131.0,593.0,283.0,67.0,162.0,584.0,297.0,181.0,2130.0,0.0,207.0,207.0,71.0,166.0,143.0,213.0,76.0,0.0,58.0,69.0,0.0,0.0,114.0,75.0,10.0,82.0,125.0,92.0,49.0,74.0,5.0,4.0,21.0,239.0,18.0,86.0,122.0,65.0,46.0
3375.0,5117.0,3314.0,3704.0,2583.0,3564.0,1799.0,990.0,1116.0,1926.0,891.0,3681.0,1282.0,3000.0,211.0,2207.0,1127.0,1209.0,2599.0,1358.0,1448.0,1430.0,1966.0,1488.0,1010.0,505.0,520.0,1384.0,315.0,1.0,1840.0,408.0,1327.0,557.0,1816.0,1031.0,308.0,583.0,3.0,124.0,1188.0,1470.0,531.0,425.0,511.0,713.0,212.0,548.0,537.0,653.0,265.0,404.0,86.0,285.0,264.0,255.0,274.0,188.0,149.0,0.0,450.0,388.0,117.0,287.0,242.0,239.0,84.0,160.0,9.0,25.0,696.0,524.0,235.0,188.0,41.0,121.0,88.0,381.0,735.0,137.0,120.0,0.0,0.0,110.0,311.0,202.0,200.0,0.0,161.0,451.0,127.0,100.0,50.0,139.0,143.0,147.0,127.0,105.0,144.0,149.0
1464.0,651.0,1204.0,2344.0,2903.0,2130.0,1130.0,1141.0,4139.0,1408.0,1849.0,1808.0,3261.0,2780.0,5361.0,741.0,981.0,1191.0,5019.0,1329.0,2861.0,1659.0,1211.0,2692.0,785.0,388.0,430.0,981.0,1054.0,1737.0,321.0,266.0,1584.0,329.0,939.0,85.0,170.0,354.0,914.0,709.0,739.0,869.0,416.0,993.0,825.0,1081.0,1420.0,671.0,954.0,21.0,394.0,893.0,36.0,110.0,302.0,222.0,414.0,188.0,110.0,450.0,0.0,244.0,116.0,267.0,562.0,298.0,113.0,88.0,353.0,24.0,0.0,460.0,182.0,514.0,298.0,177.0,222.0,0.0,0.0,325.0,295.0,0.0,0.0,193.0,22.0,155.0,99.0,211.0,189.0,35.0,319.0,154.0,116.0,301.0,112.0,0.0,163.0,144.0,119.0,35.0
1866.0,6966.0,1706.0,1770.0,3083.0,6097.0,1443.0,1274.0,5507.0,5529.0,964.0,2453.0,1213.0,3178.0,732.0,1536.0,1031.0,1075.0,0.0,928.0,956.0,1927.0,1169.0,3.0,866.0,984.0,448.0,1037.0,1312.0,1754.0,1308.0,324.0,156.0,327.0,299.0,18.0,91.0,384.0,768.0,631.0,1087.0,440.0,682.0,587.0,285.0,194.0,25.0,322.0,544.0,794.0,295.0,269.0,58.0,121.0,224.0,172.0,148.0,277.0,131.0,388.0,244.0,0.0,89.0,301.0,144.0,146.0,78.0,179.0,441.0,25.0,578.0,1.0,290.0,129.0,342.0,160.0,149.0,283.0,670.0,164.0,185.0,0.0,0.0,168.0,172.0,334.0,131.0,179.0,221.0,10.0,106.0,13.0,29.0,81.0,134.0,24.0,138.0,90.0,225.0,67.0
