0.0,258.26522225891426,150.48187294815256,192.08662008865093,266.44461532022723,339.9571891705533,176.81141797862102,159.43240883998456,301.54017259275247,278.92698712752644,185.7801791293231,214.8485131485372,421.89479178122576,277.18548230907936,529.112751561883,278.6605262323675,191.8156811362018,249.86372557491106,284.87990568986015,290.18038444601433,292.1985329303636,429.63781410156145,260.22763485944586,208.16104478496456,185.5674493107672,308.83982769973665,180.66497112698545,239.0439278976271,232.16864630645028,265.2239584232923,335.1131443052473,140.91652782698716,173.31020876160017,142.5697971668951,159.8779985458484,285.0331673445279,116.12474989162168,0.0,261.1340597992231,190.57382968800414,208.77217621215922,181.65266782065714,336.9748993656219,255.157534362678,215.76181789141953,222.05002389187828,330.4903283122907,252.63820445609437,277.33033929708085,305.62692621342285,234.31983947214366,294.0019277176175,0.0,0.0,214.06357607403,176.57179823607822,204.7661279191055,164.9224367878181,161.44131719631088,245.65305999066288,318.34410870128744,281.2016018624998,168.24789768289506,214.96120572352248,259.2331936610262,297.9118777104844,194.79721806480705,215.4397578347578,283.1860033976852,0.0,0.0,291.4508973177915,172.03692541344674,281.86525582750585,310.47115952496887,243.71747535555141,192.0063106574328,343.3247758627351,0.0,247.9258836689038,281.37608013662634,0.0,0.0,276.45960621569503,295.42884437007234,385.4462868473232,340.0520802684217,242.58844443298972,269.1259912432979,305.1710087350969,279.92452953980103,238.9126713097607,212.42305357142857,255.0234757592907,271.69324588968516,328.10172278338945,296.2641919653124,246.81059864012616,268.7384596695821,252.08842747429708
258.26522225891426,0.0,236.89707711577225,229.71715970561021,229.61077439298643,158.0175147117773,277.3750848557147,321.1240335389055,209.63559030644484,86.5785077947101,279.55437473434915,250.9813356128864,210.93337512490183,194.2598462881415,207.98411004476276,0.0,248.99217766053937,199.72865584529296,178.472714627432,197.1032348857559,184.81524725390938,162.80837833132978,218.39720276806023,169.0659842861789,258.5282324099914,270.4141414141414,241.27877045936125,180.63014429530202,161.75068133238332,171.83594034718936,242.26219497091523,242.53356888983222,198.00215443583085,231.3259824329342,213.03807803956116,174.1260283776482,223.46105099664817,307.2790291799625,192.16218069785725,201.62011366028946,216.6232318201217,200.24390038207065,0.0,186.40324007426034,175.2836912011071,173.28603136224848,191.46229053417858,176.40152566234661,203.984919245978,0.0,196.18307100681295,183.63977066938418,207.2182138157895,208.19424598931536,197.7384478863239,218.21237156839027,185.21264229769832,280.82108375527423,266.4922978545735,193.3859190964563,257.92025734805156,153.77105383272925,278.7027615945336,195.44191071708315,188.07186159648978,200.3937977464609,262.9380302098791,339.35637612659275,196.95588347387803,223.76427360774815,0.0,165.55896629002717,249.5605007884787,198.45597464291342,192.92046361318947,201.48583230566857,201.32064600585534,200.91325581395347,0.0,201.13415881782237,199.75252586068214,0.0,0.0,210.21032624036008,197.5060906638734,0.0,238.71215772678352,216.25806013121803,261.5981754829971,180.7223317886905,182.11083615995526,253.4723550146616,163.6897846949341,215.7163651598339,327.51350515396484,176.08263882211537,219.74422257942277,229.475499001996,198.06802770549513,302.56083211669136
150.48187294815256,236.89707711577225,0.0,174.42868960968474,260.483573181103,283.57874979713097,154.44669065814676,193.89012045412022,284.9552980162861,209.2179173407945,174.77545573729446,233.4942378681866,336.5922426841714,225.5777377557328,378.1736248845515,218.30048841849683,135.68059763238924,216.16602297297385,292.8169851709628,271.6516014260835,277.20918432083374,350.0285751097282,240.05140438252465,213.96186298918548,164.99080332858256,293.2754620069985,155.10764437454395,185.1944782885259,203.65592057986544,242.09908570103127,322.946999577938,165.1217942721185,208.6117329141664,156.81595109650556,190.1291703267072,242.34443396100113,128.90169754225948,165.55035544575685,208.57756364681615,192.69032847205764,186.86341344294294,191.1871109955946,326.5026940796705,199.29146965810008,203.55844365192388,212.09814221591444,316.2741581451237,220.82618452092035,197.2629906766485,240.39829977591228,218.1132771110818,281.45884331855586,142.55030054788233,138.65999351004552,184.95441618917266,157.5129135284404,236.95455210093496,159.00424765959087,137.50753219105638,208.6607099544588,309.9943816711591,284.68171043824424,158.73854125806292,194.8059799612445,261.47929479418883,246.937185170688,180.3900933492468,132.97435897435895,227.87732411732793,108.56740062558822,0.0,237.06064258411544,166.0939668087305,269.564111036036,259.0860556433673,184.00487487005267,190.93150398089557,309.3046620335111,0.0,262.9069781572066,300.2890544994299,56.13797311300175,0.0,218.5313019533132,263.0380814381633,359.40129901045555,256.2837025995556,232.3973798817047,264.0838982346833,286.9047704081633,273.1225766838267,263.82180965369037,232.55303895331548,245.936348740126,159.09960784313728,285.4747916326197,267.7216035444046,166.59031483985785,134.03099568693455,110.4433049113558
192.08662008865093,229.71715970561021,174.42868960968474,0.0,218.6850716311203,216.36957322693067,186.84165252845895,243.62793956673568,267.8153600130138,224.3945431711777,181.1366536182923,197.74603905716782,347.6093949954735,265.3145059660177,236.52175739006475,218.60729126638785,189.89557044751854,179.56794717141887,226.72608442279585,180.92192611810978,233.48499345887876,261.1449787773412,243.10918757104997,199.078016498201,162.2011997788802,235.3282675707652,190.62492992867328,168.11018948516005,185.68883444460192,203.55936708523387,250.31480440908302,234.71048658847815,171.69879041248606,205.0824992966081,177.24784643398817,205.9248932860542,191.32815102708642,217.81045567868279,173.83253129348952,173.7002892522125,187.5804535560368,184.32574870864931,261.99995931150124,206.4246721895214,213.24943616310253,234.44393740479904,309.5829274714108,223.8175771089384,173.13270911070708,237.7529354305537,194.4292895343077,284.32719711518195,190.3080486297569,181.65591758032184,166.02548887859132,173.80903600840134,191.12984325396826,181.34255469635892,197.85921111989552,190.9864630839843,200.25922217314053,270.1192480100545,196.20086684587812,162.37002224047822,231.0410803205752,205.75514648839254,191.73977330548735,201.46719219219221,183.55557455936918,130.21660434173666,0.0,219.30417582286913,151.20952568548495,217.96183268379315,244.29784623073687,219.70096024375536,152.15345696199614,218.76036229819562,0.0,225.15253132130945,254.38496823480943,0.0,0.0,215.2958245904301,195.34178941164026,278.31710891505463,240.1724168178738,196.44043715580344,188.66951711080605,254.46645131956515,229.97745980707396,206.8042614459577,199.05518181818184,232.44028243038105,210.16820159667623,239.10310877930908,350.7956652419311,208.868228650952,128.3633914728682,209.6835689551928
266.44461532022723,229.61077439298643,260.483573181103,218.6850716311203,0.0,196.45264004200078,263.72487443412047,343.13128504346423,223.98617880877498,208.7496441237878,235.779684503813,258.6537863706553,277.2192443859094,197.23370929322454,161.29040438554648,214.26860095401094,266.9871753248311,215.11436484525234,271.25458635605736,202.4504185743091,286.38475024303733,265.5424135135062,244.481336842096,187.21552582513033,298.09949940931864,235.97263895935703,259.8039121203037,234.9584393135396,213.87872112102872,224.35336133087281,255.12912158422185,272.9948284940998,0.0,265.49633304751745,228.49138888888888,223.8174057199259,158.22547467417058,300.33637564547644,251.47425804777595,229.96315825582448,267.6234282611965,239.50471088435376,279.354577562336,217.98358659680088,218.82158669070662,215.88328354978353,287.62311323249685,201.5797475449797,169.53941681724856,190.06404156713745,178.1506456043956,286.7774047822501,223.38065863032844,243.71063592341653,202.81352659997293,276.6368025453605,215.47507696182942,324.2616446491022,305.81234730192716,219.40577366195265,207.9050671784476,248.34047729927147,328.19506034105564,232.85493369884847,229.83756706625093,204.02783783783786,272.79320325691026,270.32367992446893,198.06489797257012,277.5424324324325,0.0,201.20275737278982,286.657614107663,275.13139996195815,238.42201402568327,245.88123261167706,274.1178112175104,229.3800507497984,0.0,237.90632331401105,263.79147265652887,0.0,0.0,236.72766400266403,237.12329925203568,277.2032872372373,247.44933579995677,271.92250914620206,200.20686308370955,261.2963918970022,255.1589437311178,292.90652105881156,171.40363636363637,267.44298399390243,307.10399990890664,155.22510221541785,221.34451474170305,266.025967904823,258.0494960440316,255.22202205802222
339.9571891705533,158.0175147117773,283.57874979713097,216.36957322693067,196.45264004200078,0.0,297.98161406757094,392.21125026313763,199.05211998846158,163.1047975803941,347.5561110449552,226.10362398289817,221.74925153571883,236.3731160442123,213.18487482215963,181.20852952983245,356.49179808055703,253.8183608083677,225.53558806833584,214.40424624044064,205.41604418064398,194.84077020621027,188.65931386580064,172.20574816400975,335.35799344780185,223.49856088969926,333.70386972050176,229.00876496130502,171.86063003111718,159.9892138440129,241.12162600614624,361.33925138921313,168.16897188939157,301.9773286244327,186.31780235898154,203.80929500613237,253.9579572378841,354.0007225518367,191.20255309585468,195.55858280096692,217.42671524062422,169.98361116144412,230.30744609217857,205.25407232577908,173.26098596079981,210.97277663889014,226.31608522435192,175.5472681137279,253.81336343732883,196.04452876263355,203.3374794512826,258.052377954779,284.0739070711387,283.9944256258435,248.1141806239737,268.45647535871205,216.44912602022487,325.2028821271341,308.16335559511623,249.14469235279455,229.84910439560443,192.22340176957135,316.38460225442833,243.436233279154,221.07048267441775,238.38807226323758,305.5235578380285,363.2820892438764,242.35259633441672,268.8530117679255,0.0,222.8172848094183,273.2581419178249,245.83668643441735,225.46885088041086,266.6191686764497,247.36236099001962,217.5477071987748,0.0,236.56636341986518,253.09157015839008,0.0,0.0,255.18845100600998,133.18762005118168,226.7156530749952,210.16650692492982,235.76875122082873,231.55474759479344,214.17913653104648,220.2550299213707,264.5679719440019,171.43891088038072,206.79697483598704,318.7535004805355,225.96946072957377,237.07993319420552,260.2280152738121,257.1221091597796,354.01665303002125
176.81141797862102,277.3750848557147,154.44669065814676,186.84165252845895,263.72487443412047,297.98161406757094,0.0,196.04331452698017,294.76073147354214,244.26886285524378,189.21573545036304,241.47748060198052,311.5897727546186,242.62264340872423,314.9284942853817,289.5671531173486,175.30410878050498,206.97154882785185,317.8650367170019,281.41264688876527,299.78745925562237,320.54871104687425,289.71603069261414,272.61333917653616,195.32988713659375,265.4194096635698,179.79731028200956,241.006032761627,267.8540204904938,267.2844534612209,325.6894117323355,196.5592817240087,211.45459080782402,187.43260896995062,202.7772556108875,254.9725962182605,178.56836522477275,189.94770659631752,239.71540509963933,239.35918822436776,231.75258632829173,240.56314457366574,338.0430276747827,279.3569952097706,220.75371001220995,274.959292915992,329.33246133916253,270.5100354554543,221.9245004085807,275.33801061385634,245.44440207433016,272.8479928992689,165.7698489126975,166.95782858636005,207.70644754834774,174.11937161174842,256.80791873884846,273.6013248239436,198.1831459858078,262.9864774921281,279.9677441595486,293.3440429736331,188.37087907869477,233.43172007222682,260.53533551176747,237.87063748280792,196.15618797415993,170.75573148531484,267.39920168478267,169.07819570540994,0.0,244.93284428610156,165.21674881187587,295.6521344569288,288.7216990640749,194.5398609352231,232.15100427959612,297.17316880195233,0.0,256.5087507349974,285.3071337020747,0.0,0.0,254.37259100537676,274.31974323361817,342.8906118587048,303.0019502508361,224.66673443091014,250.43828939949958,333.3895073671361,246.72437985322603,241.80468523002418,228.17527985451608,249.12173937360177,260.93668326175566,292.57597329721364,301.3388963650594,202.36160328113348,134.95019758216404,216.31729733184744
159.43240883998456,321.1240335389055,193.89012045412022,243.62793956673568,343.13128504346423,392.21125026313763,196.04331452698017,0.0,387.94416343671287,334.6191403864238,191.1137476887394,299.7833745505339,560.2154260510201,333.47917365424934,487.9611285828655,310.0453329493004,158.04993516407626,315.8522473361411,375.89388899669916,397.3522329897428,337.9659335143897,358.05855319632815,396.3635859599291,293.7509489406175,227.8868549962943,353.04231159276185,173.51543058699787,267.35087020650485,291.0762860352847,278.9462486009153,371.8227413417188,0.0,208.00162239138317,142.9902777777778,180.43569216757743,319.724254208872,0.0,166.75438728062755,274.8500925997272,245.38815075685903,240.18975676578555,188.09296468994103,349.5613799179465,314.9304092926491,335.22247106926613,324.56934518854223,481.7522510144561,282.54848673118033,260.26503858169167,296.84383750959887,258.6352482970776,282.6269007746639,153.8491415254706,187.61924987791403,266.1620134434585,222.2603411570653,250.3680895210064,213.9079714228867,225.38492302217566,304.09108605606815,350.46047590909086,303.68561167972643,233.93316374436148,269.62167671232885,283.7288446153194,303.0497631588229,209.05073562709833,196.71746375877825,314.20868164418516,109.67489183982822,0.0,330.0034155402671,190.8924905962385,322.67368490738,337.24253279758227,273.5979564498084,261.28574665117554,332.2769932778855,0.0,276.0601525821596,297.4825029679299,0.0,0.0,368.0403520669504,355.86672091976686,302.86009757457487,365.4881455638757,271.43047164053456,293.3141303128631,327.7217323809523,275.71658304745563,274.22932476943345,247.08333333333331,267.1946130952381,331.89465896211146,369.5966406926407,273.5424303405573,262.1038474711868,255.4951543209877,212.31493742177724
301.54017259275247,209.63559030644484,284.9552980162861,267.8153600130138,223.98617880877498,199.05211998846158,294.76073147354214,387.94416343671287,0.0,211.88689995783398,271.0958796916582,267.1536587729514,237.56942613747276,188.51056962118008,165.29362213218474,199.91559833969066,280.7372095525295,198.49287494715475,196.1218494912095,194.02050104301458,165.86958255516342,267.74867018571206,289.9533663077061,130.80301935478352,328.6109737300856,234.77335039602298,273.9884658694896,245.5761369590651,208.98037247893052,159.61624145017788,197.74815425396739,239.4522373877249,143.3231076925126,240.1027909804356,159.96080990783412,179.09910026356283,229.10179704016912,312.938566791506,239.86979018783288,205.99640475622112,242.27220721100218,182.0693148047311,237.68115545671284,225.94268009992862,159.63151446220405,149.0943509764116,198.74151927776643,226.11422959260443,300.22738167232296,173.0149156736989,212.24488007746078,0.0,207.7319883340278,273.60626537829984,261.68410608511704,250.40631406510272,116.44392998667999,300.5793975260732,277.9901298117707,260.4165623345228,190.75096804867215,156.05549228936567,292.3305053476892,269.46156059491784,0.0,215.12729321679092,287.73360279575695,270.9573572919074,230.0603083004995,226.03228602105517,0.0,177.78059951845907,322.402469805014,336.5,231.07489725785996,270.00164265799253,265.84641180808603,207.92919149754323,0.0,123.55843998513565,123.3475240526838,0.0,0.0,232.42634380527244,194.13683355085905,258.01053086838533,237.49770189274443,262.69514852116265,236.96120410998975,188.04397034632265,0.0,0.0,161.635,0.0,359.9648619625417,124.29371245203123,263.60785714285726,299.8811374434389,308.09572354509515,297.5387040411272
278.92698712752644,86.5785077947101,209.2179173407945,224.3945431711777,208.7496441237878,163.1047975803941,244.26886285524378,334.6191403864238,211.88689995783398,0.0,294.32539177294296,260.37749412038227,215.55611405382678,216.2866706002702,244.8624731683061,126.77493836418465,232.25173209284037,234.08408952022785,216.85465463748258,213.76349529660118,174.25229215562752,0.0,217.27347147801993,159.8473675761511,286.2842147364171,0.0,280.4278322286301,180.67505587458658,147.6209402303059,177.41760871684625,269.577378645748,254.72202428054777,195.37645976323554,265.96789430589996,211.74868177215342,172.2374177088085,231.79871357808855,323.3649976911977,224.7441207878573,198.0262527212323,205.67390144336267,188.98506618879037,0.0,190.14431017441325,165.26602719684868,164.89461561496506,225.68955674562807,189.82012783786274,212.26967378901583,121.53229112250092,213.93302098534986,171.2879139445778,201.0553289473684,273.97660730446023,224.4064475233145,239.93354946808512,194.61870310303794,273.27741566934304,300.01204866189295,189.1512406500143,183.65407533768044,155.1999965498062,294.23423793034226,221.01032657657657,206.10454635474895,210.15285573761693,299.3131956018518,331.1589501631871,182.54953895999859,287.5139951950255,0.0,159.66478562916348,258.13363977859774,205.9131487721972,214.41786546528408,237.32683074265978,230.41160061405986,228.49256190476194,0.0,197.81739346021982,190.86998702223448,0.0,0.0,247.77909308314938,161.6593174521812,0.0,163.97240222179897,240.76440646510997,203.1698916446682,148.80212486859546,211.31505953410596,273.39149117739686,172.8082926651524,201.64681517316762,346.37629461388707,122.32426470588234,225.6212250606182,244.6200447901933,286.9912920443702,373.47088068181824
185.7801791293231,279.55437473434915,174.77545573729446,181.1366536182923,235.779684503813,347.5561110449552,189.21573545036304,191.1137476887394,271.0958796916582,294.32539177294296,0.0,257.82494375931077,320.96835899517987,268.93929048056316,282.506474993886,234.14746264091028,160.07294314958173,239.00366987265545,313.61607791706103,301.90249254436105,276.67147934602133,330.4532350438983,284.55313969568886,249.39996187461296,209.44944627927896,261.25131884766034,141.55212511235234,246.29487155867264,240.5106774650203,240.84807749324165,335.0249326010429,175.47688384054345,183.56860786290326,157.8793504163978,198.533980782536,257.3249476759129,162.91686236802417,191.03305801067484,259.72457211237247,215.80465202970953,202.4575972445462,214.45827336477487,346.99145367412143,241.01932365782338,290.86462661297145,220.78635277268148,291.4074171403464,243.3438917383976,255.44529970643458,290.51017743139136,215.53579428399388,290.66711111767745,198.5524392143404,182.5249554604921,186.0952109300096,179.5519693250202,254.17640316205535,174.56961776329683,180.90342630155507,277.83183359835203,268.4338843117649,269.7308553889963,123.44807705858989,200.28736192331166,306.3205066221449,285.694910392515,133.96099922854233,200.11002000463398,271.77202394366196,143.1155892474589,0.0,298.76557821346194,211.15951884354155,317.84185943420516,318.50121834906804,240.51105411903654,255.80845025517579,309.92772474708767,0.0,279.27349594505137,286.37815274188915,0.0,0.0,239.79830393586008,324.31693972081223,316.8251567317575,299.08117968612237,273.2582964471849,281.39229595959597,314.9604240506329,309.97515419227386,245.83331262939961,253.71249999999998,278.2868965517241,208.98764386940184,346.7643789941651,251.21373494442003,211.37134252539914,234.25995346079742,174.7330212921577
214.8485131485372,250.9813356128864,233.4942378681866,197.74603905716782,258.6537863706553,226.10362398289817,241.47748060198052,299.7833745505339,267.1536587729514,260.37749412038227,257.82494375931077,0.0,317.99851534668727,260.9560417052421,227.591578975998,227.38658366383333,265.64741288023913,238.32782084975173,327.13075486071966,238.24182169778368,296.1885333579181,367.0234446343569,228.92129882681684,206.57115870192547,274.5176423143591,273.0422438688335,255.79644139717706,264.11901936600765,243.71541016898357,253.88188692505713,322.47144232543997,280.9487993323247,249.04080534022393,277.08602213373047,0.0,304.1455218858589,218.36407005052695,319.18992834756443,241.38424999203414,215.24051677097532,235.97511408083446,199.67118267742964,352.8369528460695,301.6512197486953,330.24311910163146,294.91710798528777,294.61009208849947,288.813637218365,237.7994208575256,276.20033613885255,246.74651975709676,361.2881147058823,246.47182214948168,252.42294654904973,252.18655283699852,256.502100374761,266.64845519578313,268.84240813392273,326.07396384023593,207.56425043540816,266.188293900919,312.0477801894035,294.68259235007224,217.09595944946128,275.10691585760526,314.4561464032008,300.35847670935755,301.4843202380952,254.57709734165041,230.1767375886525,0.0,309.0086604373224,245.26787901884705,320.92130377114415,260.5091399874777,274.8571016448931,206.06759853248204,311.3444635704657,0.0,285.3717844613674,311.4459221801657,0.0,0.0,292.91718536593777,285.78555209129837,231.2630303815966,317.9257718664477,200.65766232497555,256.9476826155846,353.60694781526524,278.8627984693877,229.16472932330822,237.00357142857143,292.2362177807423,316.8305048861934,261.5943595687791,317.4585974956943,235.9650478911944,235.5381203027557,269.68241199336126
421.89479178122576,210.93337512490183,336.5922426841714,347.6093949954735,277.2192443859094,221.74925153571883,311.5897727546186,560.2154260510201,237.56942613747276,215.55611405382678,320.96835899517987,317.99851534668727,0.0,0.0,0.0,222.97542792475843,329.0989340347119,309.7205463008265,286.9052938741722,286.5314823741537,0.0,266.9339228109338,318.762582904826,0.0,349.3641667257656,255.06076672234724,282.3491573062091,283.80284009114473,221.92540043947682,233.65994075343528,192.56934348833306,253.8688126059921,165.18288352775616,284.4645917867923,173.94123820441257,184.2314853251508,186.8784361861862,434.9862953988388,245.79070834766657,271.2787908396809,255.28803326810169,163.75640852168925,279.5832204838399,240.83020496406107,275.8355124435769,273.8378734353481,231.01674394746416,252.2742959482925,194.07994221227318,198.52301511787115,236.6521903651904,0.0,207.22984201157095,249.71017898671099,281.10368893129777,280.73778214854883,144.51494092750312,283.6081092552712,287.58182142857146,250.7587561240793,180.272358871416,247.74386210530815,294.1020199275363,253.52254518403623,240.24891891891892,232.5449771689498,255.97988823812352,348.27838652482274,229.50045676313033,185.02258064516127,0.0,215.65048007246375,300.905529573907,179.28149553571427,260.00154618946715,316.50886775303513,305.558921679198,162.44604700854703,0.0,162.21552889531097,146.653371459695,0.0,0.0,243.96729853479852,187.1525258407441,232.78352230085048,182.51672760198247,275.8194853842527,211.24196000376438,183.42869326027773,172.39359576271187,0.0,0.0,189.7109029300379,427.524455550659,107.13357632933105,224.71616953190693,309.2117131734877,315.0865659060613,292.4608601398602
277.18548230907936,194.2598462881415,225.5777377557328,265.3145059660177,197.23370929322454,236.3731160442123,242.62264340872423,333.47917365424934,188.51056962118008,216.2866706002702,268.93929048056316,260.9560417052421,0.0,0.0,0.0,218.2539122436557,264.3428758252695,313.8555426382145,245.73674921283862,222.55921709951843,315.7608348512447,260.088388214435,313.94234157151254,113.89946428571429,269.48196259559165,249.8502805164318,293.8269461670974,197.80426083300486,223.2908381661981,213.26825717469598,172.6640737265169,226.36213556437886,131.7740323378607,210.853727673763,174.78504060233985,170.6817938611943,190.16086434291103,264.45036643771607,242.99493384240202,242.64849065005205,216.18446278339513,199.23435177597327,273.88238192457345,220.32457507362787,221.76593373538986,254.91334439206355,219.42191916503222,228.3298028075371,223.37978543832202,198.5466461895287,225.73115011691243,0.0,178.10321139563243,217.1780401200674,254.79809701546333,196.15829824850502,149.13946467259387,282.2691098901099,261.69691495253164,249.3713020892652,178.49596675955416,262.6393569265162,264.3980912298971,232.44146468506227,250.0,228.58221858492828,247.30504329004333,255.66476891792786,222.562117704679,183.8625,0.0,222.86183129053677,274.8775317984268,215.0,247.79420067478696,245.3304554099746,260.94663423246215,164.47892239543398,0.0,160.95183396251574,144.44855522096057,0.0,0.0,269.84754398093264,187.58620971502938,244.4965100463786,209.59930189117074,230.115680279306,238.0383177699041,182.1630903272278,156.01992728548043,0.0,0.0,198.7943154960981,338.77632577677286,87.31378078817734,201.70310467354795,266.2798121212121,246.2727335578346,314.7857449494949
529.112751561883,207.98411004476276,378.1736248845515,236.52175739006475,161.29040438554648,213.18487482215963,314.9284942853817,487.9611285828655,165.29362213218474,244.8624731683061,282.506474993886,227.591578975998,0.0,0.0,0.0,226.8125622199346,344.808115200923,270.1857326086666,180.00021429139386,244.59518546762365,260.41125,257.7060460433229,228.69664472101977,181.41791761681662,412.1241366212179,246.39896233082732,253.60001786665075,267.2558941432609,243.4475686422236,202.3907142509654,154.27221648508674,234.80998755158544,56.5,228.2245867708658,255.31878676470586,159.98670774836916,221.69722421601296,321.5375859016658,237.86175396825394,236.9678830616583,223.22946408075325,208.28371725003691,248.7510224730064,207.07173753258147,213.5519396692515,236.75546223877075,184.4373275248933,222.81023869256938,204.7720863970589,178.98278157224792,210.45643738140416,0.0,249.336879021879,226.55552403436036,244.0750769230769,217.39472296352773,150.22144253368054,302.45260060310744,271.98591599179076,235.44643131868133,165.7298642533937,232.7572474042249,282.2258372893017,267.72874942546343,0.0,254.77446428571426,252.88232643057228,278.22414456359445,220.33407082748948,230.3486006232203,0.0,230.07977618931253,292.50060959135425,0.0,225.0537049335864,237.01215549005155,252.6037203051847,167.9974751044486,0.0,144.07942467781263,146.24845904570344,0.0,0.0,315.32196428571433,182.73639170040485,228.7553544023108,232.91658914728686,253.4758270827083,230.86714357053683,211.06640000000004,145.79024339905453,0.0,0.0,282.84000000000003,342.6948937165775,164.86459920634923,257.7265608465608,262.1161785714286,243.6521282051282,289.1545258323765
278.6605262323675,0.0,218.30048841849683,218.60729126638785,214.26860095401094,181.20852952983245,289.5671531173486,310.0453329493004,199.91559833969066,126.77493836418465,234.14746264091028,227.38658366383333,222.97542792475843,218.2539122436557,226.8125622199346,0.0,251.11234632424106,192.08093836413389,197.85608388231412,201.37706654590806,193.50335874682332,167.31023312423605,196.11422222222234,176.7118576957176,274.95238936069507,0.0,275.78151615188517,207.37730851063833,155.0273164490651,183.96901327172978,248.02515987514704,272.0422190421081,205.9693252480909,276.5436412716696,194.25093226289857,192.0849706134706,219.24042211617768,315.1925659403454,185.8224841489153,210.30524263735035,203.9647357971167,184.88982859074918,0.0,199.01412511457818,157.10045179427902,158.27062466071698,225.88034087652255,163.66295852652414,203.98259919624627,123.5,192.38773193896722,168.5810661184211,245.56761994378007,257.48225148376457,190.45097072882817,250.58506215469606,185.6458913895438,251.88649263518963,289.7766754754971,201.25843140856225,251.00172633439576,207.48661164355104,292.40295895074087,202.56317705873087,180.07690971719916,174.27129389133526,269.4363159670671,356.75579708981115,204.0614606566811,256.8144,0.0,181.28334196204628,228.10881827431825,209.106768050192,191.73210692186478,221.42309802492048,214.21702663527975,232.96371212121207,0.0,194.67528439199413,173.3008784467952,0.0,0.0,192.16661249153515,156.383992575153,0.0,245.0163764147499,241.66701876560558,219.93899149606295,172.6965870653276,163.19777001084876,234.99829351738498,160.3735753265875,196.01450042867648,297.24624646142956,204.9130614103565,229.9052096845575,227.11016468231088,233.67403987155467,330.0655930573365
191.8156811362018,248.99217766053937,135.68059763238924,189.89557044751854,266.9871753248311,356.49179808055703,175.30410878050498,158.04993516407626,280.7372095525295,232.25173209284037,160.07294314958173,265.64741288023913,329.0989340347119,264.3428758252695,344.808115200923,251.11234632424106,0.0,240.5906551977696,291.50382130337283,294.7328528431584,305.34586882102974,318.24465609807334,236.27359380601905,245.30756940009596,176.7080579818839,299.403169096584,184.8786922359949,199.10379633622415,240.50795448762193,248.83121808105102,335.86125467601494,126.37338203017268,223.33647130444865,121.42578702843237,186.0471641651032,242.9035107999471,141.00104210802965,0.0,208.1647175092164,195.87055653323537,203.76459534135063,203.90988584384792,305.9415405746472,223.33055825326744,219.80105453975665,245.05507581738357,420.8497594535861,241.73796030506844,227.21140397245296,268.7320634879835,201.77267549144491,269.994221319751,0.0,0.0,180.11874368684096,151.62275677494875,230.15411085092276,168.5444887458288,168.567486596693,270.26595769093535,299.6263049027327,299.8368115602626,153.95642993750653,219.1668197309151,261.0762076529609,269.9452847838346,168.23896189914646,0.0,259.73195843642577,0.0,0.0,301.01899346748417,148.39384875436016,280.49954017456037,310.9872161665646,228.2537892721288,218.17099685260976,327.6953042422127,0.0,281.41013008130085,258.48155509262534,0.0,0.0,279.63190804591295,294.8207544955266,336.3341473599138,334.6116853476283,256.2846756055363,280.02209366057673,293.1539398878738,251.32614013239822,263.8422747497219,229.27807059961316,243.11185765306124,233.46175662970887,295.5481648351648,309.6399605087015,247.2448954215144,236.78110105186033,159.6355322992385
249.86372557491106,199.72865584529296,216.16602297297385,179.56794717141887,215.11436484525234,253.8183608083677,206.97154882785185,315.8522473361411,198.49287494715475,234.08408952022785,239.00366987265545,238.32782084975173,309.7205463008265,313.8555426382145,270.1857326086666,192.08093836413389,240.5906551977696,0.0,248.10224685848544,257.4608059618314,267.0595558789232,250.27875453885258,274.19066160070633,161.3531741405372,294.93948171277634,227.07220895755998,221.9743959668944,251.39749040076254,204.19704477413723,193.7433399247424,244.29919731750795,296.9543705937821,181.62078724227308,269.9191754673898,171.25512399985996,252.66355807086617,189.19086257603436,323.95712169418977,221.12882204045212,223.57875147105884,239.8425177888413,187.50871816222568,247.4638800278135,260.1891352443886,263.9602744126826,269.32483420531673,240.1735152805409,254.0240315783748,263.1744746304487,232.87112217801405,228.49982938151243,321.2262723454302,261.0982151155286,255.70783568228995,271.4602986381105,249.7768021091282,237.30704586693548,239.45848814895876,280.1230517869649,293.7196045255067,223.50053222497561,290.05813723544975,286.06332084822606,257.8730194805195,218.9527342511473,237.97556756989042,266.7847750865052,266.2945234205861,255.45222298456264,257.5649415204678,0.0,222.81961677774558,248.9451181073025,261.4488111856823,292.6239861490054,286.2813,258.31285659241865,243.57113695212294,0.0,257.8352892372571,290.8340102801442,0.0,0.0,245.68366073311682,247.60004818043382,245.72501606629453,329.3393366657007,249.58796403847884,221.42802868369353,293.8495891012965,229.14762136864994,209.5231594229476,209.70211764705886,171.18153809523807,269.69477344475393,224.0252716514255,269.18531734375,262.16437631757265,238.8887097029077,280.78987565211753
284.87990568986015,178.472714627432,292.8169851709628,226.72608442279585,271.25458635605736,225.53558806833584,317.8650367170019,375.89388899669916,196.1218494912095,216.85465463748258,313.61607791706103,327.13075486071966,286.9052938741722,245.73674921283862,180.00021429139386,197.85608388231412,291.50382130337283,248.10224685848544,0.0,194.58820622876826,319.425466991342,258.2574005187413,336.496406600918,0.0,321.69530484394284,222.20250558148973,309.3135541700108,300.8869415529339,230.75326052662086,203.20233596186355,239.71477655313345,271.1286828051643,209.05440114068438,289.8187432761879,206.33514269734252,188.37140845900234,252.42384033235177,292.1351016354255,220.86337239648424,248.4289330514207,237.23894706486817,227.22001318365545,241.41469880338929,219.90186974880754,206.44765208310608,214.0288323354447,0.0,161.35317003172742,173.52013033124123,173.05221857788803,194.22130929657123,158.1972100531804,227.2749269162211,292.321506411604,194.205917298825,276.43634277548654,187.9591671232376,305.88685402046644,275.99020399569554,237.46568033877656,154.2358594976452,0.0,322.79388839903186,218.532027972028,162.11277138761244,187.43125006907985,301.221932817999,301.83775712623617,217.43024477491963,303.53567156862744,0.0,191.33528455748174,270.4230811428691,199.24616017166016,238.92735495670314,244.20094730953625,245.78591071526102,252.20687016267613,0.0,175.83977441338857,214.85992436341917,0.0,0.0,241.89557960757085,210.17202934362933,279.987255106605,256.4037930828861,254.3350127946228,252.46289294081885,240.62936684480377,179.03375180730268,278.9716884213759,182.0503333333333,181.42203839778128,291.6695793171995,217.67600693539134,217.7780753156606,247.40103810975612,266.6565512265512,324.92598207945906
290.18038444601433,197.1032348857559,271.6516014260835,180.92192611810978,202.4504185743091,214.40424624044064,281.41264688876527,397.3522329897428,194.02050104301458,213.76349529660118,301.90249254436105,238.24182169778368,286.5314823741537,222.55921709951843,244.59518546762365,201.37706654590806,294.7328528431584,257.4608059618314,194.58820622876826,0.0,235.38417037780857,255.46565212396052,211.65071559370512,136.2827966505834,336.80927523763,235.6437724557501,289.1401548147361,223.7740056290041,196.89478403310858,204.8497146830589,239.5872380984925,329.14224049040604,168.03647707472655,250.50745356510677,167.25251504787963,243.1099652258278,175.3527275910364,329.84973231806225,214.05823059494975,216.0882200100853,256.51169758109774,175.25239453540036,252.75697913221808,302.03808952070585,242.4174672396188,275.8695963046757,186.35461815333514,292.23775448028675,344.447858237663,168.49479491099214,279.8183934823346,263.9574433380751,227.52954047013208,271.71822504972977,262.0674142396928,254.27535880331516,252.95657735321538,259.72741668794305,290.60037291666663,284.9220758508796,260.1377453063574,253.17709726712462,315.68940201465205,258.67735371986,186.65056119474383,148.1764912974684,286.2516129032258,323.00135014728767,275.32223907192076,261.93575675675675,0.0,238.1814639180264,282.15886039941773,270.7336404327334,278.14617801512065,257.8010932400932,251.50781779661014,246.83331865261363,0.0,247.70042731462092,249.89637117346936,0.0,0.0,269.1413037485017,295.55725025857555,269.7667304143981,296.70849267551137,263.0424743243243,220.77986429122717,257.00004370095894,221.10517100681852,262.5328903790088,223.01445233265724,196.10555023197864,268.86063384594445,127.25420242091343,315.9381810897436,269.1804434523809,259.2833135478496,347.5286957598573
292.1985329303636,184.81524725390938,277.20918432083374,233.48499345887876,286.38475024303733,205.41604418064398,299.78745925562237,337.9659335143897,165.86958255516342,174.25229215562752,276.67147934602133,296.1885333579181,0.0,315.7608348512447,260.41125,193.50335874682332,305.34586882102974,267.0595558789232,319.425466991342,235.38417037780857,0.0,232.81633262378494,308.14831272054744,299.6804166666667,297.0758046739312,230.33321984362084,296.12971967120177,248.70982588539272,248.0317417476071,193.01127965028456,300.5071489618541,278.43191285046726,217.36903209317916,272.3204348186497,190.0607563413266,238.54556344731617,236.6556150164568,301.335839309617,266.43467460685895,278.2708785763109,263.3095291872025,213.34323655913985,258.03139183797623,303.08486739824406,317.79906862829523,323.6206005462417,0.0,306.553170727086,219.6402243967645,253.0200447493288,302.88088159184815,307.66496811830143,233.3797447552447,277.0661604529136,280.1190745192308,271.67781032308426,265.79081459063934,286.25969473307725,309.93832232422756,271.3878413072164,238.12164084159355,291.67257797233856,330.9539776933567,286.4082777097367,247.13979387988977,306.0663792822595,303.3836019930545,317.48103773792985,282.0508922713817,301.530125,0.0,278.1488027326219,278.90483573568974,301.7263724743629,256.2111471509013,261.8021867060674,265.7461735087949,278.30836747337344,0.0,249.2684202981651,280.9069158997955,0.0,0.0,303.1875940868856,261.1995285596905,184.47809911208213,306.31909390456286,258.1549100237705,236.54232652046227,245.0675992845803,247.39543658618697,0.0,319.1498863636364,256.2268699893751,299.21951419173627,161.9467379916183,279.17677995018676,277.46515549745425,239.42241545601286,281.3406352549889
429.63781410156145,162.80837833132978,350.0285751097282,261.1449787773412,265.5424135135062,194.84077020621027,320.54871104687425,358.05855319632815,267.74867018571206,0.0,330.4532350438983,367.0234446343569,266.9339228109338,260.088388214435,257.7060460433229,167.31023312423605,318.24465609807334,250.27875453885258,258.2574005187413,255.46565212396052,232.81633262378494,0.0,247.37317179883198,203.6299675324676,318.1373603475506,176.3826515151515,331.9552154055011,246.70933813737588,199.65884019575483,194.69158905395062,274.10338148326605,313.88133507349585,232.25289090909092,298.68221081902465,261.93965476190476,208.20208979004968,325.65187364307417,339.60201154364677,253.50543730479473,264.8142121525357,257.1521899131275,183.5857886749182,0.0,248.88567962023149,209.40754204576785,221.21603673350876,245.69092587277896,229.74689558721377,243.77933434715624,188.66971973745552,241.1847897951937,229.8359107931542,393.99905555555557,334.05055196992805,268.64047584136296,300.0485497835498,204.09344460399646,306.55841544858873,323.19483920974835,254.95984581769824,193.88926911779686,200.07680784743604,363.24737550607284,270.1553348930783,212.56872916379666,251.47356054267266,319.1976937441643,339.4197274509804,264.64480128012804,281.72826388888893,0.0,219.92586670605556,297.00283810002054,242.86068304381644,257.81866007327085,244.92206122745782,247.27111291486295,193.08517169047212,0.0,226.97557711442786,225.73616251918622,0.0,0.0,280.27771775223505,230.97162191901407,0.0,212.19144482993198,273.99484189378063,232.6275569138569,233.21440787833455,228.88272852972804,294.9166966721222,191.1212847222222,250.68028673835124,370.51837795626955,205.0414656460045,226.9784849191542,235.41077512315272,260.1412796876,356.50848958333336
